100
0	1	4.1
0	2	3.04
0	3	4.26
0	4	5.27
0	5	4.42
0	6	4.23
0	7	4.15
0	8	5.67
0	9	6.51
0	10	5.8
0	11	6.44
0	12	4.32
0	13	6.3
0	14	5.77
0	15	4.92
0	16	5.95
0	17	6.52
0	18	4.12
0	19	5.1
0	20	3.17
0	21	6.39
0	22	5.53
0	23	5.73
0	24	6.82
0	25	5.18
0	26	6.09
0	27	7.14
0	28	4.7
0	29	7.02
0	30	4.4
0	31	3.84
0	32	4.37
0	33	7.03
0	34	6.16
0	35	4.49
0	36	3.68
0	37	3.22
0	38	6.25
0	39	6.69
0	40	6.68
0	41	4.42
0	42	6.37
0	43	6.05
0	44	6.84
0	45	4.93
0	46	6.51
0	47	5.06
0	48	4.23
0	49	5.62
0	50	4.73
0	51	5.21
0	52	4.9
0	53	6.38
0	54	6.12
0	55	4.32
0	56	5.02
0	57	6.64
0	58	4.27
0	59	5.56
0	60	6.69
0	61	3.05
0	62	6.6
0	63	3.82
0	64	3.83
0	65	5.58
0	66	4.74
0	67	6.92
0	68	3.69
0	69	6.04
0	70	5.73
0	71	4.4
0	72	3.87
0	73	5.38
0	74	4.58
0	75	6.72
0	76	6.57
0	77	3.74
0	78	6.68
0	79	4.09
0	80	5.04
0	81	4.57
0	82	3.51
0	83	6.39
0	84	3.81
0	85	6.75
0	86	4.63
0	87	6.6
0	88	6.91
0	89	6.22
0	90	5.76
0	91	3.55
0	92	5.71
0	93	5.83
0	94	3.65
0	95	4.33
0	96	6.5
0	97	5
0	98	3.92
0	99	7.48
1	2	4.02
1	3	3.02
1	4	6.52
1	5	6.2
1	6	6.27
1	7	6.32
1	8	3.4
1	9	5.43
1	10	6.34
1	11	5.91
1	12	3.08
1	13	6.97
1	14	6.59
1	15	4.75
1	16	7.05
1	17	6.65
1	18	6.19
1	19	4.95
1	20	5.04
1	21	6.65
1	22	3.81
1	23	5.21
1	24	3.33
1	25	5.53
1	26	6.2
1	27	3.99
1	28	3.82
1	29	4.25
1	30	6.69
1	31	6.65
1	32	6.52
1	33	6.09
1	34	3.5
1	35	3.86
1	36	6.47
1	37	6.58
1	38	6.09
1	39	5.11
1	40	4.73
1	41	5.8
1	42	3.38
1	43	4.12
1	44	6.41
1	45	3.55
1	46	5.05
1	47	4.59
1	48	6.9
1	49	3.1
1	50	3.47
1	51	6.92
1	52	6.32
1	53	6.54
1	54	4.61
1	55	6.89
1	56	3.31
1	57	3.7
1	58	6.62
1	59	5
1	60	6.33
1	61	3.25
1	62	6.19
1	63	3.23
1	64	4.14
1	65	4.04
1	66	6.13
1	67	6.18
1	68	6.23
1	69	6.28
1	70	3.47
1	71	5.49
1	72	4.36
1	73	6.55
1	74	4.88
1	75	5.61
1	76	6.53
1	77	3.29
1	78	3.8
1	79	4.53
1	80	4.24
1	81	5.82
1	82	6.16
1	83	6.51
1	84	4.51
1	85	4.73
1	86	3.64
1	87	6.4
1	88	5.95
1	89	3.57
1	90	5.1
1	91	5.85
1	92	4.6
1	93	6.36
1	94	3.24
1	95	6.29
1	96	4.97
1	97	6.17
1	98	6.14
1	99	3.52
2	3	6.26
2	4	6.14
2	5	5.53
2	6	6.68
2	7	6.78
2	8	3.67
2	9	6.24
2	10	6.5
2	11	6.74
2	12	5.55
2	13	4.16
2	14	6.4
2	15	5.61
2	16	5.59
2	17	4.22
2	18	3.67
2	19	3.57
2	20	3.73
2	21	7.18
2	22	6.47
2	23	5.42
2	24	3.92
2	25	3.17
2	26	3.06
2	27	6.25
2	28	6
2	29	6.49
2	30	5.34
2	31	5.99
2	32	5.28
2	33	6.62
2	34	4.37
2	35	3.93
2	36	4.94
2	37	6.25
2	38	6.51
2	39	6.25
2	40	3.74
2	41	3.24
2	42	4.99
2	43	3.02
2	44	4.46
2	45	5.05
2	46	6.6
2	47	4.63
2	48	5.51
2	49	6.33
2	50	6.42
2	51	4.52
2	52	6
2	53	4.26
2	54	6.27
2	55	4.77
2	56	6.51
2	57	6.28
2	58	6.15
2	59	3.12
2	60	6.36
2	61	6.08
2	62	6
2	63	6.33
2	64	4.82
2	65	5.58
2	66	3.15
2	67	6.5
2	68	3.27
2	69	6.27
2	70	5.94
2	71	4.63
2	72	6.73
2	73	5.22
2	74	4.99
2	75	3.69
2	76	4.89
2	77	3.03
2	78	4.95
2	79	6.43
2	80	6.85
2	81	5.64
2	82	5.24
2	83	3.36
2	84	4.73
2	85	6.4
2	86	6.38
2	87	5.98
2	88	6.45
2	89	6.81
2	90	5.34
2	91	6.58
2	92	5.47
2	93	4.46
2	94	6.07
2	95	6.17
2	96	6.47
2	97	4.14
2	98	6.48
2	99	6.51
3	4	5.59
3	5	5.06
3	6	5.57
3	7	3.57
3	8	4.63
3	9	6.33
3	10	6.52
3	11	4.41
3	12	6.09
3	13	6.36
3	14	5.43
3	15	6.04
3	16	4.69
3	17	4.34
3	18	5
3	19	6.32
3	20	3.93
3	21	6.53
3	22	3.58
3	23	4.92
3	24	4.87
3	25	3.16
3	26	6.1
3	27	4.65
3	28	6.83
3	29	6.71
3	30	4.31
3	31	6.37
3	32	4.41
3	33	3.27
3	34	3.38
3	35	3.68
3	36	6.3
3	37	4.13
3	38	6.42
3	39	3.39
3	40	6.18
3	41	6.3
3	42	6.29
3	43	6.18
3	44	3.83
3	45	4.85
3	46	3.74
3	47	3.38
3	48	6.33
3	49	4.81
3	50	6.38
3	51	5.83
3	52	3.37
3	53	5.67
3	54	4.56
3	55	6.37
3	56	5.57
3	57	6.32
3	58	4.64
3	59	3.41
3	60	6.43
3	61	5.29
3	62	3.18
3	63	3.86
3	64	5.38
3	65	6.82
3	66	3.12
3	67	4.52
3	68	5.55
3	69	5.18
3	70	5.35
3	71	3.33
3	72	4.51
3	73	6.45
3	74	4.05
3	75	3.8
3	76	6.03
3	77	5.09
3	78	6.32
3	79	3.28
3	80	3.92
3	81	4.58
3	82	3.15
3	83	3.5
3	84	3.61
3	85	4.29
3	86	3.22
3	87	4.01
3	88	4.87
3	89	6.58
3	90	5.14
3	91	6.94
3	92	5.65
3	93	3.35
3	94	6.25
3	95	3.93
3	96	4.89
3	97	3.16
3	98	6.15
3	99	6.5
4	5	4.3
4	6	6.62
4	7	5.54
4	8	6.52
4	9	6.42
4	10	3.99
4	11	6.48
4	12	4.88
4	13	6.15
4	14	5.27
4	15	6.42
4	16	7.52
4	17	6.21
4	18	6.32
4	19	3.42
4	20	7.06
4	21	5.99
4	22	6
4	23	4.13
4	24	5.45
4	25	6.24
4	26	6.33
4	27	6.3
4	28	5.46
4	29	3.7
4	30	5.31
4	31	3.6
4	32	5.76
4	33	6.47
4	34	4.29
4	35	6.54
4	36	3.58
4	37	4.28
4	38	4.51
4	39	6
4	40	5.02
4	41	4.87
4	42	4.84
4	43	3.13
4	44	5.84
4	45	5.99
4	46	5.24
4	47	7.15
4	48	3.67
4	49	6.26
4	50	6.63
4	51	4.97
4	52	4.92
4	53	6.86
4	54	5.68
4	55	3.87
4	56	7.19
4	57	6.42
4	58	5.01
4	59	6.38
4	60	5.39
4	61	7.15
4	62	6.97
4	63	3.55
4	64	6.6
4	65	6.97
4	66	6.19
4	67	5.69
4	68	6.88
4	69	6.96
4	70	6.69
4	71	6.85
4	72	4.78
4	73	6.93
4	74	5.08
4	75	6.68
4	76	3.9
4	77	6.33
4	78	7.11
4	79	3.45
4	80	5.35
4	81	5.15
4	82	7.25
4	83	5.05
4	84	6.16
4	85	6.39
4	86	5.87
4	87	6.04
4	88	4.62
4	89	5.45
4	90	4.3
4	91	3.14
4	92	4.68
4	93	5.76
4	94	3.29
4	95	7.2
4	96	6.06
4	97	7.25
4	98	5.99
4	99	4.34
5	6	3.46
5	7	3.74
5	8	6.26
5	9	5.2
5	10	5.65
5	11	4.7
5	12	5.95
5	13	5.67
5	14	6.72
5	15	5.94
5	16	6.95
5	17	6.08
5	18	7.01
5	19	6.95
5	20	6.8
5	21	5.47
5	22	6.75
5	23	6.08
5	24	6.71
5	25	6.3
5	26	7.06
5	27	6.38
5	28	5.52
5	29	3.9
5	30	6.94
5	31	5.49
5	32	4.64
5	33	6.69
5	34	6.52
5	35	5.76
5	36	6.53
5	37	6.55
5	38	4.33
5	39	5.59
5	40	6.56
5	41	5.22
5	42	6.41
5	43	3.15
5	44	3.83
5	45	6.17
5	46	6.86
5	47	3.55
5	48	6.58
5	49	6.6
5	50	6.51
5	51	5.22
5	52	6.91
5	53	6.66
5	54	3.96
5	55	6.03
5	56	6.29
5	57	7.1
5	58	6.13
5	59	6.59
5	60	5.14
5	61	5.48
5	62	5.09
5	63	6.15
5	64	5.55
5	65	5.47
5	66	6.21
5	67	3.52
5	68	3.23
5	69	5.9
5	70	5.99
5	71	3.4
5	72	4.7
5	73	3.11
5	74	4.73
5	75	5.5
5	76	5.29
5	77	5.11
5	78	4.01
5	79	6.89
5	80	6.98
5	81	3.52
5	82	5.62
5	83	4.98
5	84	4.48
5	85	7.15
5	86	6.46
5	87	6.54
5	88	4.87
5	89	3.82
5	90	3.77
5	91	5.17
5	92	4.79
5	93	4.26
5	94	4.1
5	95	7.11
5	96	6.43
5	97	4.49
5	98	6.15
5	99	6.01
6	7	3.11
6	8	5.54
6	9	5.29
6	10	6.52
6	11	3.7
6	12	6.78
6	13	6.52
6	14	3.27
6	15	6.44
6	16	3.64
6	17	5.83
6	18	3.66
6	19	6.28
6	20	5.02
6	21	5.04
6	22	5.73
6	23	3.15
6	24	4.67
6	25	4.33
6	26	3.63
6	27	5.72
6	28	6.7
6	29	6.2
6	30	5.52
6	31	6.25
6	32	6.14
6	33	3.23
6	34	5.26
6	35	5.87
6	36	6.62
6	37	6.09
6	38	6.14
6	39	3.7
6	40	3.11
6	41	5.52
6	42	5.21
6	43	6.29
6	44	6.43
6	45	4.24
6	46	6.26
6	47	5.87
6	48	6.12
6	49	6.5
6	50	6.81
6	51	6.51
6	52	6.21
6	53	4.33
6	54	4.98
6	55	6.41
6	56	5.03
6	57	4.03
6	58	4.1
6	59	4.66
6	60	6.38
6	61	4.94
6	62	4.1
6	63	6.12
6	64	6.55
6	65	7.31
6	66	5.7
6	67	6.87
6	68	6.68
6	69	5.92
6	70	6.29
6	71	6.36
6	72	5.81
6	73	6.36
6	74	6.94
6	75	6.58
6	76	6.33
6	77	5.32
6	78	6.31
6	79	3.88
6	80	6.35
6	81	3.06
6	82	7.04
6	83	4.11
6	84	3.01
6	85	6.73
6	86	3.49
6	87	4.8
6	88	7.03
6	89	3.47
6	90	5.56
6	91	5.16
6	92	3.67
6	93	3.86
6	94	5.62
6	95	7.5
6	96	5.45
6	97	3.13
6	98	6.01
6	99	5.57
7	8	6.64
7	9	6.45
7	10	6.05
7	11	6.41
7	12	5.35
7	13	3.9
7	14	3.65
7	15	3.52
7	16	3.22
7	17	3.7
7	18	3.48
7	19	3.22
7	20	6.03
7	21	6.2
7	22	3.41
7	23	5.69
7	24	3.37
7	25	5.43
7	26	5.31
7	27	5.79
7	28	6.62
7	29	6.6
7	30	6.36
7	31	3.38
7	32	4.75
7	33	5.7
7	34	3.07
7	35	6.15
7	36	6.51
7	37	3.03
7	38	4.13
7	39	4.39
7	40	5.94
7	41	6.54
7	42	4.55
7	43	4.1
7	44	6.66
7	45	5.64
7	46	6.41
7	47	5.45
7	48	4.4
7	49	6.59
7	50	3.71
7	51	6.22
7	52	4.84
7	53	4.84
7	54	6.48
7	55	5.22
7	56	7.15
7	57	5.95
7	58	6.45
7	59	4.18
7	60	5.35
7	61	5.11
7	62	5.66
7	63	3.1
7	64	5.31
7	65	6.95
7	66	6.68
7	67	6.3
7	68	6.22
7	69	6.33
7	70	3.78
7	71	3.43
7	72	4.9
7	73	6.84
7	74	6.31
7	75	6.46
7	76	4.51
7	77	5.48
7	78	5.67
7	79	5.51
7	80	3.25
7	81	5.1
7	82	6.14
7	83	5.36
7	84	6.11
7	85	3.87
7	86	3.53
7	87	4.14
7	88	6.74
7	89	3.75
7	90	6.04
7	91	4.35
7	92	6.66
7	93	5.12
7	94	3.39
7	95	5.78
7	96	6.58
7	97	3.66
7	98	4.18
7	99	4.02
8	9	5.67
8	10	3.61
8	11	4.47
8	12	5.42
8	13	6.3
8	14	6.94
8	15	6.94
8	16	5.28
8	17	5.23
8	18	3.72
8	19	6.74
8	20	4.01
8	21	5.19
8	22	4.25
8	23	6.75
8	24	3.28
8	25	5.46
8	26	4.58
8	27	6.52
8	28	6.42
8	29	5.79
8	30	6.31
8	31	5.45
8	32	5.87
8	33	3.92
8	34	5.46
8	35	5.26
8	36	5.52
8	37	4.49
8	38	4.83
8	39	5.25
8	40	7.4
8	41	3.78
8	42	6.77
8	43	6.49
8	44	5.76
8	45	6.61
8	46	5.1
8	47	5.91
8	48	4.07
8	49	4.98
8	50	6.69
8	51	5.73
8	52	3.87
8	53	6.92
8	54	6.35
8	55	5.75
8	56	6.45
8	57	3.44
8	58	4.65
8	59	3.76
8	60	4.02
8	61	5.53
8	62	6.6
8	63	6.2
8	64	3.45
8	65	3.45
8	66	6.07
8	67	6.39
8	68	4.08
8	69	6.35
8	70	3.97
8	71	6.89
8	72	4.72
8	73	3.16
8	74	4.47
8	75	5.89
8	76	6.52
8	77	6.68
8	78	4.09
8	79	6.49
8	80	6.27
8	81	3.14
8	82	3.7
8	83	4.53
8	84	5.69
8	85	5.13
8	86	4.05
8	87	5.17
8	88	6.44
8	89	3.19
8	90	3.19
8	91	4.22
8	92	6.09
8	93	4.04
8	94	6.6
8	95	5.77
8	96	6.96
8	97	6.98
8	98	3.26
8	99	3.22
9	10	5.9
9	11	5.74
9	12	3.38
9	13	4.04
9	14	3.61
9	15	5.95
9	16	6.24
9	17	4.52
9	18	6.36
9	19	5.97
9	20	3.75
9	21	7.16
9	22	4.53
9	23	3.63
9	24	3.09
9	25	5.81
9	26	6.43
9	27	4.11
9	28	4.26
9	29	6.3
9	30	3.54
9	31	6.64
9	32	5.69
9	33	6.38
9	34	4.75
9	35	6.48
9	36	3.8
9	37	6.38
9	38	6.39
9	39	6.22
9	40	4.76
9	41	4.63
9	42	3.04
9	43	6.65
9	44	4.24
9	45	3.85
9	46	6.82
9	47	3.85
9	48	3.39
9	49	5.02
9	50	5.69
9	51	5.58
9	52	6.78
9	53	6.47
9	54	6.25
9	55	4.87
9	56	6.12
9	57	3.01
9	58	5.84
9	59	3.13
9	60	4.24
9	61	3.47
9	62	6.17
9	63	5.23
9	64	4.07
9	65	4.5
9	66	4.7
9	67	5
9	68	6.56
9	69	5.56
9	70	6.54
9	71	6.33
9	72	4.72
9	73	5.86
9	74	5.24
9	75	6.11
9	76	6.56
9	77	6.07
9	78	4.4
9	79	3.06
9	80	3.52
9	81	5.79
9	82	6.27
9	83	3.76
9	84	5.11
9	85	5.28
9	86	4.25
9	87	4.85
9	88	5.32
9	89	5.36
9	90	3.64
9	91	6.51
9	92	3.52
9	93	4.28
9	94	3.14
9	95	4.93
9	96	6.62
9	97	6.15
9	98	3.27
9	99	3.82
10	11	6.48
10	12	3.61
10	13	4.09
10	14	6.46
10	15	3.66
10	16	6.52
10	17	4.88
10	18	4.87
10	19	4.61
10	20	4.14
10	21	3.15
10	22	4.33
10	23	5.66
10	24	6.02
10	25	6.62
10	26	5.71
10	27	4.12
10	28	4.38
10	29	6.46
10	30	6.05
10	31	4.25
10	32	7.03
10	33	6.84
10	34	5.61
10	35	5.56
10	36	4.63
10	37	3.03
10	38	6.26
10	39	3.14
10	40	4.65
10	41	5.48
10	42	4.15
10	43	5.52
10	44	4.13
10	45	3.13
10	46	5.19
10	47	3.55
10	48	6.54
10	49	7.01
10	50	5.15
10	51	6.02
10	52	6.39
10	53	6.68
10	54	6.42
10	55	5.23
10	56	5.69
10	57	5.05
10	58	3.68
10	59	3.39
10	60	6.14
10	61	5.94
10	62	5.52
10	63	3.12
10	64	6.34
10	65	5.77
10	66	6.29
10	67	6.49
10	68	3.69
10	69	4.58
10	70	4.26
10	71	4.68
10	72	6.98
10	73	3.99
10	74	4.27
10	75	6.72
10	76	3.96
10	77	4.8
10	78	6.17
10	79	6.69
10	80	3.55
10	81	4.34
10	82	5.09
10	83	6.89
10	84	5.05
10	85	5.67
10	86	3.66
10	87	4.06
10	88	5.54
10	89	3.06
10	90	6.04
10	91	6.16
10	92	6.28
10	93	5.92
10	94	4.82
10	95	3.5
10	96	6.71
10	97	5.5
10	98	6.47
10	99	6.29
11	12	3.91
11	13	6.69
11	14	3.5
11	15	3.81
11	16	4.43
11	17	4.12
11	18	4.46
11	19	5.42
11	20	3.28
11	21	4.89
11	22	5
11	23	5.99
11	24	3.05
11	25	6.3
11	26	4.88
11	27	5.36
11	28	4.2
11	29	6.96
11	30	5.86
11	31	5.4
11	32	6.24
11	33	3.23
11	34	6.84
11	35	5.27
11	36	4.38
11	37	4.79
11	38	5.04
11	39	3.35
11	40	3.22
11	41	5.71
11	42	4.85
11	43	6.4
11	44	6.02
11	45	3.4
11	46	3.08
11	47	4.45
11	48	3.78
11	49	3.84
11	50	6.72
11	51	6.41
11	52	5.49
11	53	4.36
11	54	4.54
11	55	4.47
11	56	3.28
11	57	3.65
11	58	6.26
11	59	3.63
11	60	6.05
11	61	6.07
11	62	3.41
11	63	3.88
11	64	6.2
11	65	4.85
11	66	6.46
11	67	6.43
11	68	4.57
11	69	6.09
11	70	6.81
11	71	6.88
11	72	6.62
11	73	3.24
11	74	6.8
11	75	6.69
11	76	4.03
11	77	3.91
11	78	6.61
11	79	6.24
11	80	6.12
11	81	3.78
11	82	6.43
11	83	6.21
11	84	6.7
11	85	4.35
11	86	4.51
11	87	5.75
11	88	6.31
11	89	4.33
11	90	4.85
11	91	6.04
11	92	6.42
11	93	6.53
11	94	4.71
11	95	5.56
11	96	5.48
11	97	4.88
11	98	6.28
11	99	4.94
12	13	6.34
12	14	3.52
12	15	5.28
12	16	5.35
12	17	6.54
12	18	7.11
12	19	6.12
12	20	6.1
12	21	5.26
12	22	6.36
12	23	7
12	24	3.11
12	25	6.29
12	26	6.55
12	27	3.93
12	28	4.83
12	29	3.74
12	30	6.12
12	31	7.08
12	32	3.81
12	33	5.83
12	34	6.57
12	35	5.54
12	36	5.04
12	37	4.74
12	38	3.02
12	39	6.74
12	40	6.05
12	41	4.24
12	42	6.41
12	43	4.74
12	44	4.85
12	45	6.35
12	46	5.93
12	47	5.15
12	48	5.46
12	49	5.44
12	50	5.89
12	51	6.37
12	52	6.41
12	53	5.26
12	54	3.98
12	55	7.12
12	56	6.04
12	57	4.49
12	58	5.15
12	59	3.01
12	60	3.94
12	61	3.05
12	62	6.11
12	63	5
12	64	4.05
12	65	6.3
12	66	4.34
12	67	6.53
12	68	6.14
12	69	6.21
12	70	5.13
12	71	4.77
12	72	4.75
12	73	3.68
12	74	6.24
12	75	4.8
12	76	4.09
12	77	6.36
12	78	6.87
12	79	5.64
12	80	5.96
12	81	5.03
12	82	6.3
12	83	5.26
12	84	6.3
12	85	6.26
12	86	6.3
12	87	5.47
12	88	5.33
12	89	4.85
12	90	6.11
12	91	4.1
12	92	3.46
12	93	6.79
12	94	5.9
12	95	3.94
12	96	3.25
12	97	3.76
12	98	3.3
12	99	4.86
13	14	6.15
13	15	5.25
13	16	7.11
13	17	7.12
13	18	6.39
13	19	4.22
13	20	4.87
13	21	3.49
13	22	4.53
13	23	6.38
13	24	6.66
13	25	5.49
13	26	6.68
13	27	7.09
13	28	6.32
13	29	6.09
13	30	4.82
13	31	5.33
13	32	3.64
13	33	6.16
13	34	6.46
13	35	6.83
13	36	6.39
13	37	4.7
13	38	7.19
13	39	4.79
13	40	6.52
13	41	5.2
13	42	4.61
13	43	6.17
13	44	5.73
13	45	6.17
13	46	4.47
13	47	7.05
13	48	5.43
13	49	3.88
13	50	4.5
13	51	7.11
13	52	6.25
13	53	4.3
13	54	6.8
13	55	6.62
13	56	3.93
13	57	6.66
13	58	4.52
13	59	6.39
13	60	6.03
13	61	4.93
13	62	6.66
13	63	6.1
13	64	6.56
13	65	3.44
13	66	3.25
13	67	4.55
13	68	4.89
13	69	4.3
13	70	6.78
13	71	5.17
13	72	6.89
13	73	4.33
13	74	6.34
13	75	6.46
13	76	5.6
13	77	5.45
13	78	6.89
13	79	4.87
13	80	3.57
13	81	3.47
13	82	6.05
13	83	4.33
13	84	5.69
13	85	6.71
13	86	5.91
13	87	6.07
13	88	7.05
13	89	5.95
13	90	6.8
13	91	3.02
13	92	4.89
13	93	4.69
13	94	5.63
13	95	4.49
13	96	7.18
13	97	5.91
13	98	3.05
13	99	6.75
14	15	3.18
14	16	4.47
14	17	6.9
14	18	4.33
14	19	6.44
14	20	6.4
14	21	3.66
14	22	5.01
14	23	4.5
14	24	4.11
14	25	6.52
14	26	4.05
14	27	6.66
14	28	6.76
14	29	3.84
14	30	3.67
14	31	6.08
14	32	6.13
14	33	5.09
14	34	4.56
14	35	3.51
14	36	6.68
14	37	6.63
14	38	6.49
14	39	3.33
14	40	5.31
14	41	3.17
14	42	6.61
14	43	5.23
14	44	4.68
14	45	6.2
14	46	6.42
14	47	5.48
14	48	3.76
14	49	5.25
14	50	6.35
14	51	5.35
14	52	6.02
14	53	4.78
14	54	3.66
14	55	6.7
14	56	5.62
14	57	5.88
14	58	3.21
14	59	6.42
14	60	5.66
14	61	5.46
14	62	3.7
14	63	6.22
14	64	4.95
14	65	6.93
14	66	6.97
14	67	5.49
14	68	6.65
14	69	3.42
14	70	6.2
14	71	4.46
14	72	3.76
14	73	4.6
14	74	5.48
14	75	6.35
14	76	4.61
14	77	5.3
14	78	4.99
14	79	3.69
14	80	6.53
14	81	6.32
14	82	6
14	83	3.46
14	84	6.27
14	85	4.92
14	86	6.55
14	87	4.13
14	88	5.46
14	89	6.24
14	90	4.26
14	91	3.14
14	92	3.02
14	93	4.31
14	94	3.76
14	95	4.56
14	96	4.87
14	97	6.39
14	98	3.89
14	99	3.8
15	16	3.71
15	17	5.42
15	18	6.99
15	19	4.01
15	20	4.05
15	21	4.15
15	22	3.75
15	23	6.17
15	24	5.14
15	25	6.73
15	26	7.22
15	27	6.55
15	28	4.21
15	29	5.53
15	30	6.84
15	31	4.18
15	32	4.03
15	33	4.31
15	34	3.3
15	35	6.34
15	36	6.15
15	37	5.45
15	38	6.52
15	39	6.08
15	40	3.63
15	41	4.1
15	42	3.99
15	43	6.73
15	44	4.88
15	45	3.03
15	46	3.25
15	47	3.54
15	48	6.27
15	49	6.87
15	50	5.77
15	51	5.39
15	52	6.95
15	53	4.96
15	54	3.55
15	55	5.43
15	56	5.2
15	57	6.27
15	58	6.38
15	59	3.59
15	60	6.2
15	61	3.15
15	62	6.3
15	63	5.2
15	64	4.29
15	65	4.59
15	66	6.19
15	67	5.59
15	68	6.24
15	69	6.59
15	70	6.07
15	71	6.42
15	72	6.2
15	73	4.94
15	74	5.29
15	75	6.78
15	76	5.65
15	77	6.72
15	78	4.55
15	79	4.98
15	80	3.36
15	81	3.94
15	82	3.3
15	83	4.67
15	84	6.33
15	85	4.09
15	86	4.98
15	87	5.08
15	88	3.27
15	89	5.35
15	90	5.13
15	91	6.31
15	92	4.86
15	93	5.98
15	94	5.45
15	95	4.35
15	96	5.86
15	97	3.81
15	98	3.69
15	99	6.72
16	17	5.33
16	18	6.14
16	19	6.43
16	20	3.23
16	21	3.97
16	22	3.35
16	23	4.36
16	24	4.53
16	25	4.9
16	26	6.74
16	27	4.71
16	28	3.53
16	29	6.93
16	30	6.55
16	31	6.59
16	32	5.55
16	33	6.49
16	34	6.28
16	35	6.43
16	36	6.19
16	37	6.24
16	38	4.34
16	39	3.79
16	40	6.07
16	41	4.55
16	42	4.09
16	43	5.4
16	44	4.63
16	45	6.01
16	46	6.42
16	47	3.7
16	48	6.89
16	49	4.02
16	50	5.59
16	51	5.33
16	52	3.8
16	53	4.71
16	54	7.07
16	55	3.66
16	56	5.18
16	57	6.81
16	58	6.16
16	59	3.96
16	60	4.77
16	61	6.69
16	62	6.66
16	63	6.31
16	64	4.42
16	65	4.81
16	66	5.01
16	67	4.58
16	68	4.99
16	69	5.02
16	70	6.99
16	71	4.23
16	72	4.95
16	73	6.63
16	74	6.43
16	75	5.78
16	76	4.19
16	77	6.53
16	78	3.26
16	79	4.91
16	80	6.46
16	81	3.96
16	82	5.56
16	83	4.27
16	84	5.87
16	85	5.74
16	86	6
16	87	6.45
16	88	6.43
16	89	4.88
16	90	4.73
16	91	5.82
16	92	4.42
16	93	4.24
16	94	6.6
16	95	4.4
16	96	5.3
16	97	5.47
16	98	5.42
16	99	4.38
17	18	7.17
17	19	3.31
17	20	5.44
17	21	7.05
17	22	6.79
17	23	6.42
17	24	5.86
17	25	4.25
17	26	6.34
17	27	3.75
17	28	6.61
17	29	6.69
17	30	5.51
17	31	7.05
17	32	4.27
17	33	5.43
17	34	5.91
17	35	3.88
17	36	5.31
17	37	6.72
17	38	6.79
17	39	6.2
17	40	7.1
17	41	7.07
17	42	3.37
17	43	5.63
17	44	3.84
17	45	6.17
17	46	4.87
17	47	4.66
17	48	6.39
17	49	4.06
17	50	6.41
17	51	3.84
17	52	4.03
17	53	5.74
17	54	6.75
17	55	6.24
17	56	4.17
17	57	6.72
17	58	4.54
17	59	3.54
17	60	5.13
17	61	4.55
17	62	6.36
17	63	5.33
17	64	3.84
17	65	3.69
17	66	5.54
17	67	5.51
17	68	6.82
17	69	4.41
17	70	4.97
17	71	6.91
17	72	3.71
17	73	7.29
17	74	6.7
17	75	4.85
17	76	5.98
17	77	6.4
17	78	6.78
17	79	5.59
17	80	4.51
17	81	5.14
17	82	7.29
17	83	6.91
17	84	6.31
17	85	6.45
17	86	3.93
17	87	3.78
17	88	6.85
17	89	7.44
17	90	7.15
17	91	6.28
17	92	3.89
17	93	4.25
17	94	3.42
17	95	3.2
17	96	5.31
17	97	6.87
17	98	6.56
17	99	6.53
18	19	5.62
18	20	4.99
18	21	3.52
18	22	5.68
18	23	5.48
18	24	6.26
18	25	3.48
18	26	4.54
18	27	6.43
18	28	4.46
18	29	5.14
18	30	3.53
18	31	5.26
18	32	7.31
18	33	6.88
18	34	5.67
18	35	6.26
18	36	3.19
18	37	3.14
18	38	6.76
18	39	4.04
18	40	3.87
18	41	3.72
18	42	6.61
18	43	4.38
18	44	6.9
18	45	6.17
18	46	5.22
18	47	3.61
18	48	6.45
18	49	5.89
18	50	6.77
18	51	5.13
18	52	4.89
18	53	5.19
18	54	6.62
18	55	4.52
18	56	4.26
18	57	7.04
18	58	6.84
18	59	4.86
18	60	4.61
18	61	6.84
18	62	5.77
18	63	3.02
18	64	3.95
18	65	3.66
18	66	6.81
18	67	5.36
18	68	5.23
18	69	3.16
18	70	4.58
18	71	3.67
18	72	6.79
18	73	6.35
18	74	4.86
18	75	4.48
18	76	6.32
18	77	6.47
18	78	6.54
18	79	6.89
18	80	4.07
18	81	5.64
18	82	6.86
18	83	6.69
18	84	6.26
18	85	4.76
18	86	6.29
18	87	6.28
18	88	6.42
18	89	5.32
18	90	3.63
18	91	6.1
18	92	5.79
18	93	6.83
18	94	6.46
18	95	6.09
18	96	6.12
18	97	3.36
18	98	3.95
18	99	4.85
19	20	7.11
19	21	5.08
19	22	6.62
19	23	3.34
19	24	5.24
19	25	6.73
19	26	4.13
19	27	3.48
19	28	6.85
19	29	3.39
19	30	6.93
19	31	5
19	32	5.12
19	33	3.06
19	34	6.28
19	35	4.67
19	36	6.66
19	37	4.65
19	38	5.58
19	39	5.11
19	40	6.45
19	41	4.5
19	42	6
19	43	6.49
19	44	6.77
19	45	3.15
19	46	6.53
19	47	6.45
19	48	3.55
19	49	3.79
19	50	3.3
19	51	3.49
19	52	6.17
19	53	7.19
19	54	4.32
19	55	4.34
19	56	6.58
19	57	3.42
19	58	3.24
19	59	6.53
19	60	5.26
19	61	5.11
19	62	4.32
19	63	6.31
19	64	6.87
19	65	5.55
19	66	6.04
19	67	6.65
19	68	5.97
19	69	4.95
19	70	3.56
19	71	4.27
19	72	5.35
19	73	6.26
19	74	4.79
19	75	6.07
19	76	7.1
19	77	4.06
19	78	6.51
19	79	5.91
19	80	4.18
19	81	6.61
19	82	4.65
19	83	6.14
19	84	6.84
19	85	6.56
19	86	4.38
19	87	6.52
19	88	6.42
19	89	4.39
19	90	5.23
19	91	6.41
19	92	6.74
19	93	3.72
19	94	6.25
19	95	5.64
19	96	3.87
19	97	5.68
19	98	6.08
19	99	3.74
20	21	6.45
20	22	3.4
20	23	3.91
20	24	5.92
20	25	3.03
20	26	3.52
20	27	5.32
20	28	6.45
20	29	7.1
20	30	4.85
20	31	4.44
20	32	3.77
20	33	4.2
20	34	6.51
20	35	6.33
20	36	4.11
20	37	4.05
20	38	3.09
20	39	5.96
20	40	5.09
20	41	3.64
20	42	5.03
20	43	6.74
20	44	6.38
20	45	3.97
20	46	3.35
20	47	6.64
20	48	3.89
20	49	3.96
20	50	6.18
20	51	6.06
20	52	7.02
20	53	7.01
20	54	5.4
20	55	6.4
20	56	6.09
20	57	6.47
20	58	6.61
20	59	6.31
20	60	4.33
20	61	6.21
20	62	3.44
20	63	3.52
20	64	4.2
20	65	3.09
20	66	5.07
20	67	6.2
20	68	5.07
20	69	3.93
20	70	6.6
20	71	5.13
20	72	6.97
20	73	5.44
20	74	5.05
20	75	6.11
20	76	3.64
20	77	6.57
20	78	5.75
20	79	6.46
20	80	5.64
20	81	3.29
20	82	4.91
20	83	3.6
20	84	6.97
20	85	5.49
20	86	3.99
20	87	3.96
20	88	4.89
20	89	5.18
20	90	5.72
20	91	5.47
20	92	6.45
20	93	6.3
20	94	5.44
20	95	3.26
20	96	5.03
20	97	3.63
20	98	4.83
20	99	6.37
21	22	3.12
21	23	6.14
21	24	7.21
21	25	5
21	26	4.5
21	27	6.78
21	28	4.32
21	29	6.95
21	30	5.79
21	31	6.88
21	32	5.34
21	33	3.7
21	34	3.16
21	35	6.24
21	36	4.92
21	37	5.84
21	38	7.3
21	39	4.79
21	40	4.89
21	41	4.88
21	42	6.06
21	43	5.57
21	44	5.7
21	45	3.38
21	46	6.5
21	47	5.05
21	48	4.08
21	49	5.18
21	50	6.93
21	51	6.71
21	52	4.32
21	53	4.55
21	54	3.78
21	55	5.4
21	56	6.37
21	57	5.7
21	58	3.47
21	59	6.47
21	60	6.55
21	61	6.58
21	62	6.53
21	63	4.62
21	64	4.2
21	65	3.37
21	66	6.73
21	67	5.5
21	68	4.38
21	69	4.48
21	70	4.11
21	71	6.28
21	72	6.46
21	73	5.59
21	74	6.62
21	75	6.39
21	76	5.03
21	77	4.59
21	78	6.25
21	79	6.94
21	80	5.28
21	81	6.95
21	82	3.7
21	83	6.76
21	84	6.79
21	85	6.39
21	86	3.95
21	87	6.88
21	88	6.61
21	89	4.4
21	90	3.64
21	91	4.28
21	92	5.86
21	93	6.76
21	94	6.66
21	95	6.64
21	96	7
21	97	6.87
21	98	4.18
21	99	6.2
22	23	6.66
22	24	5.72
22	25	4.72
22	26	6.91
22	27	4.72
22	28	4.27
22	29	5.74
22	30	4.39
22	31	6.47
22	32	6.2
22	33	4.43
22	34	3.12
22	35	7.15
22	36	6.66
22	37	6.43
22	38	6.18
22	39	5.68
22	40	3.15
22	41	6.95
22	42	7.15
22	43	6.8
22	44	5.3
22	45	3.65
22	46	6.45
22	47	3.65
22	48	4.36
22	49	5.38
22	50	4.13
22	51	6.32
22	52	5.26
22	53	6.77
22	54	5.13
22	55	5.25
22	56	5.3
22	57	3.47
22	58	6.48
22	59	3.36
22	60	6.14
22	61	6.55
22	62	3.42
22	63	6.43
22	64	3.33
22	65	4.79
22	66	6.66
22	67	6.26
22	68	4.49
22	69	5.54
22	70	7.11
22	71	4.56
22	72	5.32
22	73	6.95
22	74	4.57
22	75	4.26
22	76	4.64
22	77	6.06
22	78	3.97
22	79	6.17
22	80	6.65
22	81	4.76
22	82	6.47
22	83	6.36
22	84	7.18
22	85	3.32
22	86	6.79
22	87	3.8
22	88	3.5
22	89	5.78
22	90	4.67
22	91	3.7
22	92	3.45
22	93	4.36
22	94	6.41
22	95	6.65
22	96	5.38
22	97	6.73
22	98	4.02
22	99	3.09
23	24	5.77
23	25	6.87
23	26	6.49
23	27	6.81
23	28	6.92
23	29	6.72
23	30	5.04
23	31	5.07
23	32	5.68
23	33	6.37
23	34	7.12
23	35	5.76
23	36	6.05
23	37	3.32
23	38	5.17
23	39	6.43
23	40	6.14
23	41	5.65
23	42	4.3
23	43	6.14
23	44	5.13
23	45	3.49
23	46	3.2
23	47	4.74
23	48	5.48
23	49	7.03
23	50	4.37
23	51	3.37
23	52	4.8
23	53	4.04
23	54	6.76
23	55	6.25
23	56	7.05
23	57	3.81
23	58	4.57
23	59	6.42
23	60	5.6
23	61	6.79
23	62	6.76
23	63	5.19
23	64	3.71
23	65	6.94
23	66	3.14
23	67	6.53
23	68	3.81
23	69	5.83
23	70	6.61
23	71	6.16
23	72	6.18
23	73	4.47
23	74	5.28
23	75	6.23
23	76	4.52
23	77	4.84
23	78	5.06
23	79	3.12
23	80	3.53
23	81	3.62
23	82	6.59
23	83	3.96
23	84	6.15
23	85	6.48
23	86	6.63
23	87	6.33
23	88	6.43
23	89	4.71
23	90	4.64
23	91	4.33
23	92	6.81
23	93	6.95
23	94	6.76
23	95	7.16
23	96	6.06
23	97	6.27
23	98	3.71
23	99	5.01
24	25	4.16
24	26	3.45
24	27	5.34
24	28	6.58
24	29	4.65
24	30	4.4
24	31	6.74
24	32	3.2
24	33	5.54
24	34	4.46
24	35	6.39
24	36	3.15
24	37	5.95
24	38	3.6
24	39	5.62
24	40	6.26
24	41	4.66
24	42	6.12
24	43	3.57
24	44	6.44
24	45	6.18
24	46	4.26
24	47	6.28
24	48	6.19
24	49	6.26
24	50	3.86
24	51	4.67
24	52	6.76
24	53	6.45
24	54	6.3
24	55	6.12
24	56	6.27
24	57	4.98
24	58	3.75
24	59	3.07
24	60	3.01
24	61	6.15
24	62	3.99
24	63	6.28
24	64	6.34
24	65	6.6
24	66	3.42
24	67	3.79
24	68	6.45
24	69	3.11
24	70	6.28
24	71	6.69
24	72	3.58
24	73	5.87
24	74	3.76
24	75	4.7
24	76	3.97
24	77	4.63
24	78	5.44
24	79	6.14
24	80	5.15
24	81	6.41
24	82	6.97
24	83	4.65
24	84	4.46
24	85	3.16
24	86	6.24
24	87	5.35
24	88	4.73
24	89	3.7
24	90	5.72
24	91	4.72
24	92	4.53
24	93	6.22
24	94	5.67
24	95	6.12
24	96	5.08
24	97	5.61
24	98	4.16
24	99	6.31
25	26	3.64
25	27	6.64
25	28	4.94
25	29	5.85
25	30	5.17
25	31	6.02
25	32	4.59
25	33	5.32
25	34	6.53
25	35	3.98
25	36	5.13
25	37	3.6
25	38	6.11
25	39	6.51
25	40	6
25	41	4.47
25	42	3.14
25	43	6.18
25	44	6.17
25	45	4.69
25	46	3.68
25	47	6.53
25	48	4.75
25	49	5.37
25	50	3.53
25	51	3.92
25	52	5.77
25	53	5.62
25	54	4.02
25	55	5.05
25	56	5.56
25	57	3.76
25	58	5.99
25	59	3.29
25	60	3.28
25	61	3.59
25	62	6.33
25	63	4.33
25	64	3.19
25	65	5.91
25	66	5.08
25	67	6.52
25	68	4.15
25	69	3.11
25	70	5.16
25	71	6.47
25	72	4.77
25	73	6.3
25	74	6.47
25	75	6.23
25	76	5.05
25	77	5.69
25	78	5.76
25	79	6.43
25	80	7.02
25	81	5.89
25	82	3.67
25	83	5.97
25	84	4.56
25	85	6.24
25	86	6.24
25	87	6.91
25	88	6.76
25	89	6.36
25	90	3.76
25	91	6.61
25	92	4.57
25	93	6.24
25	94	6.95
25	95	4.53
25	96	4.57
25	97	6.31
25	98	5.94
25	99	3.35
26	27	6.54
26	28	3.37
26	29	6.65
26	30	4.05
26	31	4.49
26	32	4.64
26	33	4.02
26	34	6.14
26	35	6.61
26	36	3.18
26	37	7.23
26	38	4.44
26	39	7.02
26	40	6.4
26	41	6.22
26	42	4.74
26	43	6.07
26	44	6.75
26	45	6.67
26	46	6.86
26	47	6.67
26	48	5.37
26	49	4.54
26	50	7.01
26	51	4.57
26	52	7.51
26	53	5.62
26	54	4.93
26	55	5.12
26	56	6.61
26	57	4.62
26	58	3.1
26	59	6.17
26	60	4.81
26	61	6.53
26	62	5.52
26	63	6.62
26	64	6.77
26	65	6.38
26	66	6.2
26	67	5.89
26	68	5.27
26	69	6.42
26	70	4.61
26	71	4.11
26	72	3.95
26	73	5.15
26	74	4.63
26	75	3.72
26	76	6.18
26	77	5.35
26	78	3.51
26	79	3.38
26	80	4.09
26	81	3.56
26	82	5.22
26	83	6.41
26	84	5.47
26	85	6.52
26	86	3.33
26	87	6.59
26	88	3.99
26	89	3.89
26	90	4.43
26	91	3.67
26	92	6.13
26	93	6.83
26	94	6.48
26	95	6.77
26	96	4.95
26	97	6.22
26	98	5.29
26	99	6.98
27	28	3.38
27	29	3.96
27	30	7.32
27	31	3.35
27	32	7.05
27	33	6.53
27	34	6.59
27	35	4.11
27	36	5.01
27	37	4.18
27	38	4.89
27	39	4.14
27	40	6.52
27	41	3.72
27	42	7.11
27	43	3.24
27	44	4.84
27	45	5.95
27	46	7.07
27	47	6.38
27	48	4.87
27	49	4.2
27	50	6.77
27	51	6.06
27	52	4.31
27	53	6.4
27	54	3.01
27	55	5.24
27	56	6.54
27	57	6.89
27	58	4.64
27	59	6.81
27	60	6.3
27	61	6.54
27	62	3.51
27	63	6.6
27	64	6.41
27	65	6.22
27	66	5.52
27	67	3.26
27	68	6.49
27	69	3.54
27	70	6.68
27	71	5.97
27	72	6.25
27	73	5.58
27	74	3.77
27	75	6.43
27	76	4.72
27	77	6.68
27	78	3.04
27	79	6.93
27	80	4.83
27	81	3.63
27	82	3.64
27	83	5.34
27	84	4.62
27	85	6.67
27	86	4.25
27	87	6.65
27	88	6.62
27	89	6.15
27	90	5.65
27	91	4.18
27	92	4.6
27	93	4.53
27	94	5.98
27	95	5.89
27	96	6.54
27	97	4.55
27	98	5.47
27	99	5.93
28	29	4.96
28	30	3.95
28	31	4.42
28	32	6.15
28	33	7.15
28	34	6.93
28	35	5.99
28	36	3.49
28	37	6.84
28	38	5.25
28	39	6.64
28	40	6.33
28	41	4.04
28	42	6.33
28	43	6.61
28	44	5.76
28	45	5.61
28	46	6.53
28	47	4.87
28	48	4.98
28	49	6.02
28	50	6.07
28	51	5.95
28	52	7.32
28	53	6.86
28	54	6.38
28	55	3.87
28	56	3.25
28	57	3.59
28	58	6.46
28	59	4.44
28	60	5.81
28	61	3.17
28	62	6.1
28	63	6.39
28	64	3.41
28	65	5.74
28	66	4.88
28	67	6.63
28	68	5.11
28	69	6.64
28	70	5.73
28	71	6.8
28	72	3.01
28	73	3.45
28	74	5.5
28	75	4.89
28	76	5.44
28	77	4.1
28	78	5.24
28	79	3.81
28	80	4.64
28	81	6.92
28	82	4.81
28	83	5.21
28	84	4.4
28	85	3.65
28	86	4
28	87	5.37
28	88	6.39
28	89	3.24
28	90	4.65
28	91	6.34
28	92	5.5
28	93	5.41
28	94	5.85
28	95	6.21
28	96	6.78
28	97	6.46
28	98	6.49
28	99	4.62
29	30	7.02
29	31	4.81
29	32	3.73
29	33	6
29	34	6.79
29	35	4.8
29	36	6.87
29	37	3.9
29	38	6.45
29	39	5.21
29	40	4.94
29	41	4.56
29	42	6.44
29	43	4.54
29	44	3.59
29	45	5.13
29	46	5.65
29	47	7.27
29	48	6.93
29	49	3.22
29	50	3.35
29	51	6.54
29	52	3.56
29	53	4.66
29	54	6.51
29	55	3.41
29	56	4.2
29	57	3.32
29	58	6.01
29	59	6.71
29	60	4
29	61	4.43
29	62	6.31
29	63	5.53
29	64	4.66
29	65	5.25
29	66	3.96
29	67	5.58
29	68	6.74
29	69	4.61
29	70	4.74
29	71	6.45
29	72	3.16
29	73	5.11
29	74	6.51
29	75	6.55
29	76	5.05
29	77	4.44
29	78	6.43
29	79	4.83
29	80	4.45
29	81	4.68
29	82	3.57
29	83	5.32
29	84	5.87
29	85	6.11
29	86	4.22
29	87	6.52
29	88	6.32
29	89	4.3
29	90	5.79
29	91	3.72
29	92	5.6
29	93	6.75
29	94	6.94
29	95	5.07
29	96	4.1
29	97	4.06
29	98	6.54
29	99	4.1
30	31	6.78
30	32	4.16
30	33	5.15
30	34	7.09
30	35	6.15
30	36	3.02
30	37	6.66
30	38	5.3
30	39	4.35
30	40	3.9
30	41	5.69
30	42	4.74
30	43	4.5
30	44	6.24
30	45	6.53
30	46	4.34
30	47	6.79
30	48	6.85
30	49	7.14
30	50	5.14
30	51	6.46
30	52	6.84
30	53	6.39
30	54	5.81
30	55	6.48
30	56	3.75
30	57	5
30	58	6.87
30	59	6.66
30	60	6.21
30	61	5.41
30	62	4.42
30	63	4.63
30	64	6.7
30	65	6.47
30	66	4.49
30	67	5.3
30	68	5.35
30	69	3.96
30	70	5.62
30	71	4.31
30	72	6.32
30	73	6.26
30	74	4.96
30	75	5.45
30	76	5.17
30	77	3.64
30	78	4.37
30	79	4.19
30	80	4.94
30	81	5.96
30	82	3.76
30	83	3.17
30	84	6.49
30	85	3.97
30	86	6.4
30	87	5.33
30	88	3.85
30	89	3.13
30	90	6.29
30	91	6.23
30	92	6.2
30	93	4.21
30	94	6.41
30	95	6.97
30	96	3.44
30	97	6.36
30	98	6.76
30	99	6.44
31	32	3.71
31	33	5.63
31	34	4.88
31	35	5.41
31	36	6.51
31	37	5.07
31	38	6.43
31	39	5.78
31	40	6.39
31	41	4.43
31	42	5.65
31	43	3.56
31	44	4.7
31	45	5.32
31	46	7.34
31	47	4.04
31	48	3.52
31	49	5.26
31	50	6.27
31	51	4.4
31	52	3.03
31	53	6.11
31	54	3.11
31	55	6.23
31	56	6.24
31	57	5.43
31	58	5.69
31	59	5.11
31	60	6.4
31	61	6.39
31	62	3.38
31	63	3.43
31	64	4.22
31	65	4.62
31	66	5.77
31	67	5.77
31	68	6.33
31	69	6.51
31	70	3.34
31	71	4.09
31	72	5.6
31	73	5.34
31	74	4.22
31	75	3.09
31	76	6.73
31	77	7.09
31	78	5.91
31	79	5.87
31	80	4.93
31	81	3.95
31	82	6.55
31	83	4.69
31	84	4.15
31	85	6.59
31	86	5.82
31	87	3.82
31	88	4.29
31	89	7.12
31	90	3.69
31	91	4.07
31	92	4.41
31	93	6.64
31	94	6.18
31	95	5.98
31	96	7.2
31	97	5.18
31	98	6.8
31	99	6.19
32	33	4.67
32	34	3.6
32	35	3.2
32	36	4.17
32	37	6.32
32	38	6.62
32	39	6.88
32	40	3.59
32	41	3.6
32	42	6.2
32	43	4.03
32	44	5.58
32	45	6.7
32	46	4.99
32	47	6.54
32	48	3.29
32	49	6.56
32	50	6.1
32	51	6.74
32	52	4.84
32	53	6.4
32	54	4.63
32	55	6.99
32	56	4.18
32	57	6.18
32	58	6.61
32	59	4.23
32	60	6.2
32	61	3.92
32	62	6.13
32	63	6.91
32	64	5.1
32	65	6.85
32	66	6.45
32	67	6.29
32	68	4.94
32	69	6.3
32	70	4.87
32	71	6.23
32	72	3.55
32	73	6.63
32	74	6.49
32	75	6.79
32	76	5.28
32	77	6.02
32	78	4.75
32	79	6.18
32	80	4.98
32	81	3.89
32	82	5.08
32	83	3.67
32	84	6.08
32	85	6.35
32	86	3.38
32	87	5.4
32	88	6.29
32	89	6.89
32	90	6.78
32	91	3.88
32	92	3.12
32	93	3.03
32	94	5.08
32	95	6.82
32	96	3.62
32	97	7
32	98	3.59
32	99	3.12
33	34	5.5
33	35	3.09
33	36	5.67
33	37	5.62
33	38	4.12
33	39	6.44
33	40	5.72
33	41	7.01
33	42	7.12
33	43	5.16
33	44	6
33	45	5.88
33	46	6.3
33	47	3.4
33	48	6.6
33	49	6.44
33	50	4.21
33	51	6.09
33	52	6.09
33	53	5.86
33	54	4.69
33	55	3.9
33	56	6.32
33	57	4.78
33	58	6.29
33	59	4.14
33	60	4.95
33	61	6.63
33	62	5.48
33	63	5.16
33	64	6.33
33	65	4.57
33	66	5.1
33	67	3.83
33	68	5.96
33	69	4.21
33	70	4.08
33	71	6.59
33	72	5.55
33	73	6.16
33	74	3.79
33	75	3.88
33	76	6.41
33	77	5.32
33	78	5
33	79	6.54
33	80	6.13
33	81	3.91
33	82	6.05
33	83	3.4
33	84	6.23
33	85	3.51
33	86	6.48
33	87	4.58
33	88	6.49
33	89	4.84
33	90	6.52
33	91	6.06
33	92	6.82
33	93	4.28
33	94	6.61
33	95	7.08
33	96	4.86
33	97	6.35
33	98	3.12
33	99	6.67
34	35	6.76
34	36	6.94
34	37	4.89
34	38	5.61
34	39	6.52
34	40	6.26
34	41	7.19
34	42	5.75
34	43	6.07
34	44	4
34	45	6.16
34	46	6.54
34	47	6.75
34	48	4.42
34	49	3.58
34	50	4.99
34	51	5.43
34	52	3.68
34	53	7.02
34	54	4.67
34	55	5.33
34	56	5.27
34	57	3.93
34	58	6.62
34	59	3.95
34	60	5.61
34	61	6.44
34	62	6.53
34	63	3.32
34	64	3.53
34	65	4.12
34	66	6.49
34	67	4.84
34	68	4.52
34	69	5.65
34	70	5.41
34	71	3.13
34	72	6.59
34	73	6.31
34	74	3.85
34	75	7.14
34	76	6.24
34	77	6.06
34	78	3.56
34	79	6.4
34	80	6.31
34	81	3.93
34	82	5.69
34	83	4.07
34	84	6.98
34	85	5.6
34	86	6.59
34	87	3.73
34	88	5.56
34	89	6.67
34	90	5.1
34	91	6.4
34	92	4.39
34	93	3.61
34	94	6.45
34	95	4.73
34	96	7.12
34	97	6.53
34	98	3.42
34	99	6.2
35	36	3.44
35	37	3.13
35	38	6.97
35	39	3.73
35	40	5.25
35	41	6.64
35	42	5.8
35	43	5.48
35	44	5.99
35	45	6.16
35	46	4.36
35	47	6.17
35	48	6.4
35	49	4.4
35	50	4.88
35	51	5.72
35	52	6.79
35	53	4.02
35	54	4.88
35	55	5.54
35	56	3.46
35	57	3.69
35	58	6.7
35	59	5.88
35	60	4.59
35	61	4.57
35	62	4.75
35	63	6.01
35	64	6.56
35	65	4.11
35	66	4.44
35	67	5.21
35	68	5.99
35	69	6.75
35	70	5.77
35	71	5.61
35	72	5.43
35	73	5.22
35	74	3.75
35	75	4.93
35	76	6.87
35	77	6.72
35	78	3.21
35	79	5.11
35	80	3.8
35	81	6.99
35	82	6.38
35	83	4.91
35	84	4.27
35	85	5.54
35	86	5.99
35	87	7.48
35	88	5.03
35	89	6.32
35	90	6.1
35	91	5.95
35	92	5.95
35	93	6.22
35	94	4.96
35	95	7.01
35	96	4.82
35	97	6.39
35	98	5.9
35	99	6.31
36	37	5.21
36	38	3.58
36	39	4.34
36	40	4.96
36	41	5.4
36	42	6.32
36	43	4.37
36	44	6.46
36	45	3.52
36	46	6.47
36	47	6.27
36	48	6.02
36	49	6.54
36	50	5.63
36	51	3.9
36	52	7.04
36	53	3.38
36	54	6.06
36	55	3.47
36	56	5.2
36	57	4.59
36	58	5.79
36	59	6.21
36	60	4.15
36	61	3.98
36	62	6.35
36	63	5.09
36	64	5.45
36	65	4.69
36	66	4.63
36	67	3.48
36	68	3.31
36	69	4.95
36	70	3.36
36	71	5.56
36	72	6.49
36	73	6.14
36	74	5.42
36	75	3.89
36	76	4.36
36	77	3.29
36	78	3.94
36	79	6.55
36	80	5.6
36	81	5.8
36	82	6.6
36	83	5.14
36	84	6.05
36	85	3.35
36	86	4.14
36	87	6.31
36	88	3.24
36	89	4.75
36	90	6.81
36	91	6.71
36	92	3.82
36	93	4.98
36	94	5.77
36	95	4.34
36	96	6.45
36	97	6.54
36	98	4.39
36	99	6.65
37	38	6.5
37	39	4.83
37	40	3.47
37	41	3.52
37	42	5.34
37	43	6.57
37	44	5.08
37	45	3.04
37	46	5.97
37	47	5.73
37	48	6.45
37	49	4.75
37	50	4.44
37	51	6.02
37	52	3.72
37	53	7.08
37	54	4.08
37	55	4.18
37	56	5.99
37	57	6.81
37	58	5.06
37	59	6.39
37	60	6.21
37	61	6.26
37	62	4.67
37	63	6.03
37	64	3.44
37	65	3.93
37	66	5.2
37	67	7.2
37	68	6.3
37	69	6.29
37	70	6.8
37	71	5.25
37	72	3.97
37	73	4.33
37	74	3.29
37	75	5.16
37	76	4.29
37	77	6.73
37	78	6.33
37	79	5.8
37	80	5.88
37	81	6.93
37	82	6.72
37	83	4.93
37	84	4.6
37	85	3.57
37	86	6.55
37	87	6.67
37	88	5.5
37	89	4.98
37	90	3.02
37	91	3.7
37	92	6.9
37	93	5.26
37	94	6.32
37	95	5
37	96	7.05
37	97	6.49
37	98	6.39
37	99	6.89
38	39	5.4
38	40	3.04
38	41	6.72
38	42	6.56
38	43	6.51
38	44	6.13
38	45	6.66
38	46	6.43
38	47	6.61
38	48	5.87
38	49	5.12
38	50	4.27
38	51	6.19
38	52	4.68
38	53	6.87
38	54	3.53
38	55	6.27
38	56	4.37
38	57	5.84
38	58	6.76
38	59	4.18
38	60	3.94
38	61	3.38
38	62	4.12
38	63	6.52
38	64	7.01
38	65	5.84
38	66	5.53
38	67	4.16
38	68	4.25
38	69	6.34
38	70	4.7
38	71	3.1
38	72	7.17
38	73	5.05
38	74	3.23
38	75	4.58
38	76	4.1
38	77	3.74
38	78	5.87
38	79	6.06
38	80	3.7
38	81	6.37
38	82	6.29
38	83	4.04
38	84	7.15
38	85	6.19
38	86	6.11
38	87	6.18
38	88	6.16
38	89	4.09
38	90	3.7
38	91	6.23
38	92	6.47
38	93	6.32
38	94	3.38
38	95	4.89
38	96	6.26
38	97	6.71
38	98	6.31
38	99	5.5
39	40	6.56
39	41	3.91
39	42	4.87
39	43	6.54
39	44	5.23
39	45	3.06
39	46	5.49
39	47	3.05
39	48	5.46
39	49	6.59
39	50	4.77
39	51	3.07
39	52	4.44
39	53	4.74
39	54	3.29
39	55	3.73
39	56	3.4
39	57	6.25
39	58	5.23
39	59	3.81
39	60	4.59
39	61	5.94
39	62	3.74
39	63	3.49
39	64	6.15
39	65	5.91
39	66	5.51
39	67	6.2
39	68	4.61
39	69	3.58
39	70	4.76
39	71	6.26
39	72	6.53
39	73	6.48
39	74	4.11
39	75	6.81
39	76	3.15
39	77	3.64
39	78	6.93
39	79	3.65
39	80	4.43
39	81	4.61
39	82	4.14
39	83	5.14
39	84	6.51
39	85	6.64
39	86	4.26
39	87	6.1
39	88	3.8
39	89	6.19
39	90	6.56
39	91	4.2
39	92	4.79
39	93	6.73
39	94	6.34
39	95	5.45
39	96	6.19
39	97	5.14
39	98	6.41
39	99	4.83
40	41	6.12
40	42	5.4
40	43	4.65
40	44	3.33
40	45	6.28
40	46	3.95
40	47	6.79
40	48	6.87
40	49	4
40	50	5.77
40	51	4.2
40	52	4.71
40	53	6.44
40	54	5.21
40	55	6.62
40	56	6.04
40	57	6.61
40	58	6.68
40	59	4.45
40	60	4.13
40	61	5.76
40	62	3.01
40	63	4.82
40	64	6.22
40	65	6.47
40	66	4.98
40	67	6.43
40	68	4.28
40	69	7.02
40	70	5.9
40	71	5.82
40	72	5.28
40	73	5.05
40	74	6.26
40	75	3.48
40	76	4.04
40	77	3.75
40	78	4.51
40	79	3.03
40	80	6.19
40	81	4.75
40	82	4.83
40	83	5.05
40	84	6.11
40	85	6.37
40	86	4.76
40	87	3.33
40	88	4.4
40	89	5.86
40	90	4.81
40	91	3.51
40	92	6.02
40	93	3.71
40	94	6.41
40	95	6.83
40	96	3.86
40	97	3.84
40	98	6.69
40	99	4.26
41	42	4.77
41	43	6.25
41	44	3.98
41	45	3.43
41	46	6.98
41	47	3.62
41	48	5.78
41	49	3.82
41	50	3.19
41	51	5.9
41	52	3.98
41	53	6.93
41	54	6.72
41	55	6.87
41	56	6.63
41	57	6.12
41	58	4.75
41	59	4.94
41	60	3.49
41	61	5.87
41	62	5.94
41	63	6.73
41	64	4.05
41	65	6.72
41	66	4.93
41	67	4.12
41	68	5.09
41	69	3.48
41	70	6.31
41	71	5.66
41	72	6.06
41	73	6.17
41	74	4.4
41	75	4.09
41	76	4.09
41	77	6.26
41	78	5.52
41	79	3.59
41	80	4.87
41	81	3.98
41	82	6.42
41	83	6.38
41	84	6.17
41	85	5.76
41	86	5.59
41	87	6.39
41	88	7.11
41	89	4.07
41	90	3.68
41	91	6.3
41	92	5.57
41	93	4.32
41	94	6.71
41	95	4.56
41	96	7.02
41	97	5.8
41	98	6.35
41	99	5.49
42	43	3.95
42	44	3.75
42	45	6.73
42	46	5.2
42	47	5.73
42	48	4.2
42	49	3.3
42	50	6
42	51	4.84
42	52	4.28
42	53	5.13
42	54	6.25
42	55	5.93
42	56	3.09
42	57	4.52
42	58	4.7
42	59	3.8
42	60	5.82
42	61	4.48
42	62	3.85
42	63	3.61
42	64	6.33
42	65	6.09
42	66	4.17
42	67	4.06
42	68	5.74
42	69	6.24
42	70	6.84
42	71	6.81
42	72	6.31
42	73	6.2
42	74	3.34
42	75	6.71
42	76	4.89
42	77	3.04
42	78	5.29
42	79	4.77
42	80	6.18
42	81	4.24
42	82	5.15
42	83	3.75
42	84	6.64
42	85	6.2
42	86	6.98
42	87	6.53
42	88	6.03
42	89	6.58
42	90	6.67
42	91	3.48
42	92	4.11
42	93	5.52
42	94	4.33
42	95	6.56
42	96	6.11
42	97	4.09
42	98	6.3
42	99	5.93
43	44	5.47
43	45	7.29
43	46	6.52
43	47	6.69
43	48	4.04
43	49	6.58
43	50	5.23
43	51	5.62
43	52	6.58
43	53	6.43
43	54	3.26
43	55	6.67
43	56	5.71
43	57	7.6
43	58	6.49
43	59	6.13
43	60	6.55
43	61	4.03
43	62	6.74
43	63	5.51
43	64	3.48
43	65	4.22
43	66	3.07
43	67	5.73
43	68	5.31
43	69	5.92
43	70	6.89
43	71	6.19
43	72	7.14
43	73	6.25
43	74	3.29
43	75	6.64
43	76	7.02
43	77	6.04
43	78	5.07
43	79	6.17
43	80	4.71
43	81	5.48
43	82	5.76
43	83	4.48
43	84	5.22
43	85	6.72
43	86	5.99
43	87	4.2
43	88	7.04
43	89	6.63
43	90	6.79
43	91	5.63
43	92	5.15
43	93	4.07
43	94	6.28
43	95	5.82
43	96	6.9
43	97	7.15
43	98	7.3
43	99	4.99
44	45	7.16
44	46	3.04
44	47	7.07
44	48	3.75
44	49	5.02
44	50	6.34
44	51	4.6
44	52	7.14
44	53	6.64
44	54	3.75
44	55	3.83
44	56	3.95
44	57	3.62
44	58	3.66
44	59	6.54
44	60	5.9
44	61	5.34
44	62	6.33
44	63	4.89
44	64	6.16
44	65	5.74
44	66	6.49
44	67	5.67
44	68	3.16
44	69	5.1
44	70	6.62
44	71	3.24
44	72	6.68
44	73	3.52
44	74	6.17
44	75	6.8
44	76	4.58
44	77	6.4
44	78	4.42
44	79	6.35
44	80	5.33
44	81	4.48
44	82	5.1
44	83	3.08
44	84	5.08
44	85	6.84
44	86	5.97
44	87	3.42
44	88	4.93
44	89	5.9
44	90	6.2
44	91	6.23
44	92	5.17
44	93	3.17
44	94	4.73
44	95	5.89
44	96	4.96
44	97	6.51
44	98	6.56
44	99	3.55
45	46	6.27
45	47	3.54
45	48	3.42
45	49	6.37
45	50	6.44
45	51	6.12
45	52	3.93
45	53	4.05
45	54	6.34
45	55	6.71
45	56	6.31
45	57	6.56
45	58	6.38
45	59	6.51
45	60	3.18
45	61	3.31
45	62	3.28
45	63	4.24
45	64	5.36
45	65	6.56
45	66	4.23
45	67	6.99
45	68	6.4
45	69	5.52
45	70	6.49
45	71	6.75
45	72	5.54
45	73	4.48
45	74	6.32
45	75	3.76
45	76	6.2
45	77	3.7
45	78	7.05
45	79	5.57
45	80	4.41
45	81	6.48
45	82	4.09
45	83	4.24
45	84	3.99
45	85	6.39
45	86	6.78
45	87	6.72
45	88	5.83
45	89	6.18
45	90	3.51
45	91	5.09
45	92	6.07
45	93	6.54
45	94	3.29
45	95	5.53
45	96	6.86
45	97	4.45
45	98	3.36
45	99	4.97
46	47	5.74
46	48	6.24
46	49	6.91
46	50	4.91
46	51	5.1
46	52	5.64
46	53	5.14
46	54	6.47
46	55	3.06
46	56	6.22
46	57	6.24
46	58	4.57
46	59	6
46	60	5.25
46	61	3.69
46	62	6.35
46	63	4.43
46	64	3.13
46	65	6.43
46	66	3.46
46	67	6.08
46	68	6.05
46	69	6.78
46	70	6.28
46	71	6.23
46	72	7.32
46	73	5.52
46	74	6.1
46	75	4.78
46	76	6.46
46	77	5.26
46	78	5.93
46	79	4.54
46	80	5.79
46	81	6.41
46	82	5.99
46	83	3.99
46	84	3.92
46	85	6.51
46	86	6.73
46	87	4.23
46	88	3.24
46	89	6.09
46	90	6.44
46	91	4.43
46	92	4.66
46	93	4.91
46	94	4.15
46	95	5.4
46	96	5.39
46	97	4.82
46	98	4.14
46	99	3.48
47	48	5.53
47	49	5.7
47	50	4.36
47	51	4.12
47	52	5.36
47	53	4.29
47	54	4.26
47	55	6.77
47	56	6.44
47	57	4.26
47	58	3.58
47	59	4.33
47	60	3.28
47	61	3.24
47	62	4.13
47	63	6.53
47	64	3.37
47	65	5.33
47	66	5.67
47	67	5.31
47	68	3.92
47	69	4.56
47	70	3.47
47	71	6.09
47	72	6.52
47	73	6.6
47	74	6.52
47	75	4.73
47	76	6.19
47	77	6.61
47	78	6.74
47	79	4.49
47	80	6.79
47	81	5.06
47	82	3.8
47	83	6.79
47	84	3.66
47	85	6.9
47	86	6.6
47	87	6.71
47	88	6.8
47	89	6.08
47	90	6.68
47	91	4.25
47	92	3.43
47	93	6.72
47	94	6.11
47	95	6.28
47	96	6.71
47	97	6.53
47	98	4.12
47	99	6.73
48	49	4.46
48	50	4.61
48	51	6.56
48	52	6.54
48	53	4.71
48	54	3.79
48	55	4.3
48	56	6.45
48	57	4.33
48	58	3.33
48	59	4.06
48	60	3.19
48	61	5.69
48	62	4.36
48	63	4.85
48	64	6.47
48	65	6.93
48	66	3.22
48	67	6.76
48	68	5.28
48	69	3.3
48	70	6.38
48	71	5.87
48	72	6.12
48	73	6.35
48	74	4
48	75	6.6
48	76	4.68
48	77	4.71
48	78	3.64
48	79	6.44
48	80	6.49
48	81	3.07
48	82	6.53
48	83	6.1
48	84	5.44
48	85	3.1
48	86	5.74
48	87	6.08
48	88	3.01
48	89	6.27
48	90	6.84
48	91	3.43
48	92	3.2
48	93	6.31
48	94	3.67
48	95	3.54
48	96	4.71
48	97	6.64
48	98	6.54
48	99	6.4
49	50	4.17
49	51	6.35
49	52	3.23
49	53	5.93
49	54	4.38
49	55	6.11
49	56	4.43
49	57	5.16
49	58	4.72
49	59	6.69
49	60	3.26
49	61	6.34
49	62	3.1
49	63	5.02
49	64	4.66
49	65	6.55
49	66	6.39
49	67	3.09
49	68	6.31
49	69	3.19
49	70	5.88
49	71	6.48
49	72	3.02
49	73	6.37
49	74	3.3
49	75	7.3
49	76	4.47
49	77	6.33
49	78	6.56
49	79	6.52
49	80	6.34
49	81	3.87
49	82	5.51
49	83	6.58
49	84	6.63
49	85	3.5
49	86	6.16
49	87	3.31
49	88	5.66
49	89	6.34
49	90	4.29
49	91	6.36
49	92	5.65
49	93	6.36
49	94	6.33
49	95	6.2
49	96	4.54
49	97	3.38
49	98	3.33
49	99	4.9
50	51	5.92
50	52	3.25
50	53	4.95
50	54	6.62
50	55	5.34
50	56	3.45
50	57	6.66
50	58	4.81
50	59	4.65
50	60	6.67
50	61	4.44
50	62	4.05
50	63	5.56
50	64	4.5
50	65	6.4
50	66	4.58
50	67	5.73
50	68	5.75
50	69	6.22
50	70	6.85
50	71	3.11
50	72	3.07
50	73	4.91
50	74	7.23
50	75	6.88
50	76	6.22
50	77	6.21
50	78	5.1
50	79	5.75
50	80	6.77
50	81	7.16
50	82	3.24
50	83	6.63
50	84	6.86
50	85	6.31
50	86	6.07
50	87	6.2
50	88	3.93
50	89	4.63
50	90	3.51
50	91	3.5
50	92	6.16
50	93	5.56
50	94	4.87
50	95	6.82
50	96	6.49
50	97	4.11
50	98	4.22
50	99	6.87
51	52	5.62
51	53	7
51	54	4.39
51	55	6.15
51	56	5.94
51	57	3.23
51	58	3.25
51	59	4.46
51	60	3.66
51	61	5.07
51	62	3.89
51	63	5.5
51	64	6.74
51	65	6.53
51	66	6.5
51	67	4.25
51	68	4.85
51	69	3.71
51	70	4.8
51	71	6.92
51	72	6.74
51	73	4.2
51	74	7.13
51	75	6.72
51	76	6.21
51	77	5.01
51	78	4.66
51	79	6.26
51	80	6.14
51	81	6.03
51	82	4.74
51	83	5.12
51	84	6.18
51	85	3.58
51	86	4.17
51	87	3.04
51	88	6.11
51	89	6.08
51	90	5.34
51	91	6.09
51	92	4.89
51	93	6.42
51	94	6.63
51	95	4.89
51	96	3.13
51	97	6.13
51	98	6.11
51	99	7.22
52	53	3.83
52	54	3.58
52	55	4.83
52	56	6.69
52	57	6.87
52	58	5.52
52	59	3.7
52	60	6.41
52	61	7.11
52	62	4.26
52	63	5.33
52	64	6.33
52	65	7.26
52	66	4.73
52	67	4.7
52	68	5.59
52	69	3.87
52	70	3.69
52	71	5.15
52	72	5.93
52	73	6.77
52	74	5.44
52	75	4.24
52	76	5.67
52	77	6.48
52	78	5.53
52	79	5.88
52	80	3.93
52	81	5.23
52	82	4.31
52	83	6.27
52	84	4.12
52	85	6.2
52	86	4.98
52	87	5.2
52	88	7.17
52	89	5.11
52	90	3.15
52	91	5.82
52	92	6.1
52	93	6.71
52	94	7.09
52	95	5.79
52	96	7.17
52	97	4.89
52	98	6.55
52	99	7.08
53	54	5.43
53	55	6.17
53	56	6.4
53	57	6.76
53	58	5.9
53	59	6.72
53	60	3.45
53	61	4.79
53	62	6.32
53	63	4.56
53	64	5.34
53	65	6.62
53	66	6.56
53	67	3.15
53	68	3.49
53	69	5.15
53	70	5.61
53	71	5.13
53	72	4.63
53	73	6.99
53	74	4.82
53	75	6.74
53	76	6.34
53	77	5.58
53	78	5.69
53	79	3.42
53	80	6.22
53	81	6.17
53	82	3.23
53	83	6.26
53	84	3.52
53	85	4.78
53	86	3.03
53	87	6.63
53	88	3.78
53	89	6.53
53	90	6.72
53	91	6.19
53	92	7.12
53	93	6.37
53	94	7.33
53	95	5.99
53	96	6.08
53	97	4.99
53	98	5.6
53	99	4.67
54	55	3.42
54	56	5.69
54	57	6.46
54	58	4.58
54	59	6.92
54	60	3.3
54	61	6.12
54	62	6.48
54	63	6.33
54	64	4.64
54	65	6.51
54	66	3.89
54	67	5.11
54	68	6.9
54	69	5.72
54	70	6.44
54	71	4.52
54	72	4.67
54	73	3.2
54	74	6.54
54	75	6.19
54	76	5.97
54	77	5.88
54	78	6.04
54	79	4.72
54	80	6.9
54	81	3.34
54	82	3.45
54	83	6.68
54	84	6.54
54	85	6.88
54	86	5.83
54	87	6.92
54	88	6.29
54	89	6.33
54	90	4.29
54	91	3.88
54	92	4.28
54	93	6.91
54	94	6.9
54	95	6.76
54	96	4.17
54	97	6.3
54	98	6.24
54	99	6.17
55	56	5.67
55	57	6.19
55	58	3.56
55	59	4.12
55	60	3.54
55	61	6.74
55	62	6.65
55	63	6.4
55	64	6.18
55	65	6.17
55	66	6.51
55	67	3.03
55	68	6.26
55	69	5.16
55	70	5.4
55	71	3.18
55	72	5.13
55	73	3.74
55	74	5.96
55	75	3.15
55	76	3.41
55	77	4.68
55	78	4.76
55	79	5.21
55	80	7.08
55	81	3.36
55	82	6.37
55	83	3.33
55	84	4.87
55	85	4.18
55	86	4.77
55	87	4.11
55	88	5.2
55	89	4.73
55	90	4.73
55	91	5.67
55	92	6.92
55	93	6.52
55	94	4.03
55	95	4.19
55	96	6.07
55	97	4.69
55	98	4.54
55	99	5.09
56	57	4.03
56	58	5.18
56	59	6.04
56	60	3.27
56	61	6.26
56	62	3.04
56	63	6.53
56	64	4.63
56	65	3.01
56	66	7.17
56	67	6.48
56	68	3.25
56	69	5.92
56	70	6.77
56	71	6.37
56	72	6.25
56	73	6.51
56	74	5.71
56	75	3.63
56	76	6.08
56	77	4.64
56	78	5.34
56	79	4.38
56	80	7.25
56	81	7.05
56	82	3.18
56	83	4.44
56	84	6.64
56	85	6.4
56	86	6.73
56	87	6.86
56	88	3.81
56	89	4.12
56	90	6.95
56	91	5.41
56	92	3.58
56	93	6.3
56	94	4.13
56	95	6.73
56	96	5.25
56	97	5.6
56	98	4.67
56	99	4.02
57	58	3.02
57	59	6.13
57	60	6.59
57	61	6.22
57	62	6.12
57	63	5.25
57	64	6.75
57	65	3.39
57	66	6.94
57	67	5.08
57	68	5.92
57	69	5.05
57	70	3.78
57	71	3.71
57	72	4.73
57	73	4.1
57	74	6.58
57	75	6.28
57	76	6.46
57	77	3.26
57	78	6.75
57	79	5.09
57	80	6.19
57	81	4.29
57	82	6.53
57	83	3.93
57	84	4.35
57	85	6.78
57	86	3.74
57	87	6.08
57	88	3.01
57	89	6.62
57	90	6.62
57	91	3.65
57	92	5.57
57	93	6.51
57	94	3.73
57	95	4
57	96	3.89
57	97	5.22
57	98	6.27
57	99	4.69
58	59	3.3
58	60	6.51
58	61	6.81
58	62	5.88
58	63	3.94
58	64	3.74
58	65	6.4
58	66	4.55
58	67	4.11
58	68	3.75
58	69	3.69
58	70	3.51
58	71	3.9
58	72	4.25
58	73	3.03
58	74	6.65
58	75	4.99
58	76	6.96
58	77	3.99
58	78	4.46
58	79	4.84
58	80	7.03
58	81	6.03
58	82	6.1
58	83	5.95
58	84	6.79
58	85	4.61
58	86	6.42
58	87	3.66
58	88	6.02
58	89	6.16
58	90	3.63
58	91	3.18
58	92	5.96
58	93	3.74
58	94	3.39
58	95	4.06
58	96	4.92
58	97	5.98
58	98	6.07
58	99	6.97
59	60	6.07
59	61	6.05
59	62	5.47
59	63	3.22
59	64	6.47
59	65	6.36
59	66	4.56
59	67	6.22
59	68	6.38
59	69	5.06
59	70	4.4
59	71	4.09
59	72	6.5
59	73	6.32
59	74	6.54
59	75	3.34
59	76	3.98
59	77	4.85
59	78	6.78
59	79	3.31
59	80	3.74
59	81	3.82
59	82	4.12
59	83	5.2
59	84	7.01
59	85	5.68
59	86	5.11
59	87	4.72
59	88	4.93
59	89	6.44
59	90	4.02
59	91	4.37
59	92	3.41
59	93	4.12
59	94	6.26
59	95	3.53
59	96	6.25
59	97	4.37
59	98	3.37
59	99	6.44
60	61	5.82
60	62	6.15
60	63	4.68
60	64	6.11
60	65	6.27
60	66	6.4
60	67	4.78
60	68	5.92
60	69	6.11
60	70	5.55
60	71	4.02
60	72	5.41
60	73	6.22
60	74	6.26
60	75	5.39
60	76	6.94
60	77	3.34
60	78	6.2
60	79	4.44
60	80	6.65
60	81	6.25
60	82	6.18
60	83	3.91
60	84	3.38
60	85	6.01
60	86	5.38
60	87	6.56
60	88	5.61
60	89	3.09
60	90	6.68
60	91	5.85
60	92	5.63
60	93	5.51
60	94	6.38
60	95	3.47
60	96	6.43
60	97	6.63
60	98	3.85
60	99	6.62
61	62	5.8
61	63	4.89
61	64	6.57
61	65	3.26
61	66	3.95
61	67	4.28
61	68	3.1
61	69	3.71
61	70	3.67
61	71	6.47
61	72	4.94
61	73	4.31
61	74	3.29
61	75	4.66
61	76	4.39
61	77	4.78
61	78	4.05
61	79	4.86
61	80	4.07
61	81	6.5
61	82	6.44
61	83	3.75
61	84	6.67
61	85	6.79
61	86	3.7
61	87	6.91
61	88	5.98
61	89	3.47
61	90	6.81
61	91	6.53
61	92	6.5
61	93	6.07
61	94	3.94
61	95	3.05
61	96	3.62
61	97	6.8
61	98	4.3
61	99	6.57
62	63	5.31
62	64	6.74
62	65	3.9
62	66	5.54
62	67	6.18
62	68	6.28
62	69	6.28
62	70	6.71
62	71	3.48
62	72	6.06
62	73	4.34
62	74	6.39
62	75	4.21
62	76	4.19
62	77	5.2
62	78	5.07
62	79	6.03
62	80	6.6
62	81	6.72
62	82	3.89
62	83	3.92
62	84	6.78
62	85	3.37
62	86	6.23
62	87	6.19
62	88	3.12
62	89	5.27
62	90	6.78
62	91	4.02
62	92	3.02
62	93	3.27
62	94	4.44
62	95	6.55
62	96	6.77
62	97	3.84
62	98	4.81
62	99	6.5
63	64	5.04
63	65	4.93
63	66	6.42
63	67	3.38
63	68	4.2
63	69	6.09
63	70	4.29
63	71	4.98
63	72	3.87
63	73	6.3
63	74	3.33
63	75	6.51
63	76	3.31
63	77	5.54
63	78	3.57
63	79	5.27
63	80	5.52
63	81	3.07
63	82	4.86
63	83	5.48
63	84	5.42
63	85	3.57
63	86	6.21
63	87	5.92
63	88	6.04
63	89	4.05
63	90	4.54
63	91	3.09
63	92	4.2
63	93	6.87
63	94	3.45
63	95	6.15
63	96	4.43
63	97	6.37
63	98	3.38
63	99	6.55
64	65	6.89
64	66	5.06
64	67	4.53
64	68	5.68
64	69	3.81
64	70	6.35
64	71	5.56
64	72	6.41
64	73	3.63
64	74	6.72
64	75	6.38
64	76	5
64	77	5.63
64	78	3.38
64	79	6.53
64	80	4.31
64	81	6.58
64	82	6.56
64	83	6.44
64	84	6.23
64	85	6.64
64	86	6.25
64	87	4.29
64	88	3.9
64	89	4.07
64	90	3.32
64	91	3.55
64	92	4.65
64	93	6.39
64	94	7.12
64	95	3.83
64	96	3.62
64	97	6.56
64	98	5.91
64	99	5.37
65	66	5.8
65	67	6.37
65	68	3.14
65	69	4.59
65	70	5.92
65	71	6.19
65	72	5.87
65	73	6.03
65	74	3.26
65	75	3.03
65	76	3.08
65	77	6.14
65	78	6.01
65	79	5.82
65	80	5.87
65	81	6.37
65	82	6.18
65	83	6.1
65	84	5.87
65	85	6.93
65	86	5.59
65	87	7.04
65	88	6.39
65	89	5.43
65	90	6.63
65	91	6.45
65	92	5.09
65	93	6.21
65	94	7.09
65	95	5
65	96	6.34
65	97	6.71
65	98	4.98
65	99	5.27
66	67	5.89
66	68	4.02
66	69	3.69
66	70	6.86
66	71	6.44
66	72	4.5
66	73	5.36
66	74	3.1
66	75	6.83
66	76	4.36
66	77	4.82
66	78	4.05
66	79	6.25
66	80	6.4
66	81	5.47
66	82	6.26
66	83	5.35
66	84	6.44
66	85	6.31
66	86	3.92
66	87	7.12
66	88	6.22
66	89	4.89
66	90	4.93
66	91	6.07
66	92	4.08
66	93	6.46
66	94	5.92
66	95	6.48
66	96	4.29
66	97	6.27
66	98	6.02
66	99	5.23
67	68	3.24
67	69	3.47
67	70	3.85
67	71	5.45
67	72	6.1
67	73	6.62
67	74	5.7
67	75	6.17
67	76	6.43
67	77	6.48
67	78	6.29
67	79	4.4
67	80	4.37
67	81	3.98
67	82	6.38
67	83	3.5
67	84	6.34
67	85	6.28
67	86	6.17
67	87	6.15
67	88	6.5
67	89	7.33
67	90	6.27
67	91	6.46
67	92	6.79
67	93	3.5
67	94	6.51
67	95	5.04
67	96	3.29
67	97	4.82
67	98	5.47
67	99	3.18
68	69	6.7
68	70	6.02
68	71	3.59
68	72	6.35
68	73	6.33
68	74	3.02
68	75	5.26
68	76	6.21
68	77	3.25
68	78	3.93
68	79	4.58
68	80	6.39
68	81	6.68
68	82	5.07
68	83	5.41
68	84	5.55
68	85	5.96
68	86	6.26
68	87	6.34
68	88	3.27
68	89	4.48
68	90	6.08
68	91	4.72
68	92	3.64
68	93	4.47
68	94	5.51
68	95	5.42
68	96	3.21
68	97	4.73
68	98	5.53
68	99	4.57
69	70	3.18
69	71	6.73
69	72	4.74
69	73	3.2
69	74	6.48
69	75	6.85
69	76	4.97
69	77	5.72
69	78	5.68
69	79	4.17
69	80	5.95
69	81	4.19
69	82	5.23
69	83	6.37
69	84	6.41
69	85	3.14
69	86	3.14
69	87	6.44
69	88	6.16
69	89	6.25
69	90	6.22
69	91	6.55
69	92	6.36
69	93	3.99
69	94	4.04
69	95	3.02
69	96	6.19
69	97	3.35
69	98	5.19
69	99	6.45
70	71	5.4
70	72	3.78
70	73	5.06
70	74	5.2
70	75	5.68
70	76	5.74
70	77	6.05
70	78	6.05
70	79	3.5
70	80	5.56
70	81	3.32
70	82	4.22
70	83	3.55
70	84	3.29
70	85	6.31
70	86	5.69
70	87	5.85
70	88	6.59
70	89	4.31
70	90	5.44
70	91	4.29
70	92	6.87
70	93	6.49
70	94	3.41
70	95	4.36
70	96	6.34
70	97	5.41
70	98	4.14
70	99	4.76
71	72	6.17
71	73	4.07
71	74	6.32
71	75	4.85
71	76	3.12
71	77	5.08
71	78	3.05
71	79	6.6
71	80	6.32
71	81	6.53
71	82	3.2
71	83	4.71
71	84	6.88
71	85	6.84
71	86	6.43
71	87	4.21
71	88	5.62
71	89	6.16
71	90	6.28
71	91	6.38
71	92	5.12
71	93	3.52
71	94	6.47
71	95	3.72
71	96	6.79
71	97	4.49
71	98	6.2
71	99	6.27
72	73	6.45
72	74	5.68
72	75	5.3
72	76	7.01
72	77	4.12
72	78	6.64
72	79	6.73
72	80	4.44
72	81	6.88
72	82	5.88
72	83	4.34
72	84	6.77
72	85	6.51
72	86	6.92
72	87	4.98
72	88	4.83
72	89	4.95
72	90	6.57
72	91	5.79
72	92	3.1
72	93	6.57
72	94	3.79
72	95	3.99
72	96	6.15
72	97	3.46
72	98	6.34
72	99	4.97
73	74	4.65
73	75	4.11
73	76	4.53
73	77	6.64
73	78	3.38
73	79	6.86
73	80	4.18
73	81	4.76
73	82	5.44
73	83	3.49
73	84	4.47
73	85	6.33
73	86	4.9
73	87	4.8
73	88	6.52
73	89	3.14
73	90	6.34
73	91	6.2
73	92	4.69
73	93	6.33
73	94	5.24
73	95	4.1
73	96	6.92
73	97	3.83
73	98	3.05
73	99	5
74	75	5.54
74	76	6.33
74	77	3.47
74	78	3.61
74	79	5.86
74	80	5.08
74	81	4.94
74	82	4
74	83	4.84
74	84	3.94
74	85	6.79
74	86	6.98
74	87	6.6
74	88	6.28
74	89	4.21
74	90	4.93
74	91	6.41
74	92	6.6
74	93	7.12
74	94	4.81
74	95	6.33
74	96	4.3
74	97	5.91
74	98	6.62
74	99	6.15
75	76	5.5
75	77	6.71
75	78	6.87
75	79	3.53
75	80	4
75	81	4.52
75	82	4.69
75	83	3.93
75	84	4.63
75	85	6.79
75	86	6.44
75	87	4.92
75	88	7.02
75	89	5.1
75	90	6.77
75	91	6.98
75	92	3.78
75	93	4.27
75	94	4.85
75	95	5.22
75	96	5.47
75	97	5.11
75	98	4.27
75	99	7.2
76	77	4.46
76	78	6.16
76	79	5.25
76	80	5.61
76	81	3.46
76	82	6.31
76	83	6.55
76	84	3.77
76	85	3.99
76	86	3.32
76	87	4.37
76	88	4.69
76	89	4.02
76	90	5.65
76	91	6.39
76	92	4.66
76	93	6.63
76	94	4.75
76	95	6.83
76	96	3.88
76	97	7.2
76	98	3.3
76	99	4.91
77	78	3.65
77	79	4.31
77	80	6.46
77	81	5.78
77	82	3.46
77	83	6.38
77	84	6.71
77	85	4.38
77	86	4
77	87	4.31
77	88	6.17
77	89	3.79
77	90	4.2
77	91	6.51
77	92	6.88
77	93	5.37
77	94	3.05
77	95	6.6
77	96	4.56
77	97	6.83
77	98	4.69
77	99	6.8
78	79	6.88
78	80	3.33
78	81	6.63
78	82	3.18
78	83	6.11
78	84	6.25
78	85	4.21
78	86	6.73
78	87	5.37
78	88	6.43
78	89	3.12
78	90	6.69
78	91	5.68
78	92	5.4
78	93	6.32
78	94	6.69
78	95	3.81
78	96	5.17
78	97	3.19
78	98	6.18
78	99	5.55
79	80	6.57
79	81	6.73
79	82	6.42
79	83	6.43
79	84	4.98
79	85	3.37
79	86	6.41
79	87	3.22
79	88	5.77
79	89	4.19
79	90	3.31
79	91	6.27
79	92	6.5
79	93	5.33
79	94	6.19
79	95	4.82
79	96	6.88
79	97	3.81
79	98	4.28
79	99	4.8
80	81	6.76
80	82	4.79
80	83	6.46
80	84	4.03
80	85	3.66
80	86	5.16
80	87	4.98
80	88	3.49
80	89	3.57
80	90	5.37
80	91	4.79
80	92	6.78
80	93	3.43
80	94	6.63
80	95	7.03
80	96	7.08
80	97	5.19
80	98	3.02
80	99	4.79
81	82	6.5
81	83	4.6
81	84	5.25
81	85	6.16
81	86	3.15
81	87	7.06
81	88	6.07
81	89	6.32
81	90	4.94
81	91	5.39
81	92	6.26
81	93	6.91
81	94	6.51
81	95	5.63
81	96	6.2
81	97	5.81
81	98	3.75
81	99	5.06
82	83	6.62
82	84	6.26
82	85	4.09
82	86	3.56
82	87	4.89
82	88	3.53
82	89	6.29
82	90	6.74
82	91	6.59
82	92	5.18
82	93	4.29
82	94	6.5
82	95	4.21
82	96	6.36
82	97	6.3
82	98	3.01
82	99	6.36
83	84	3.99
83	85	6.9
83	86	3.24
83	87	6.12
83	88	3.1
83	89	5.74
83	90	3.13
83	91	4.35
83	92	5.15
83	93	6.24
83	94	6.01
83	95	4.65
83	96	6.27
83	97	6.65
83	98	3.62
83	99	3.28
84	85	5.49
84	86	5.67
84	87	6.11
84	88	5.01
84	89	5.48
84	90	6.67
84	91	5.61
84	92	6.67
84	93	6.23
84	94	5.23
84	95	4.85
84	96	3.06
84	97	4.05
84	98	6.35
84	99	4.8
85	86	6.27
85	87	6.17
85	88	6.1
85	89	6.8
85	90	5.39
85	91	3.7
85	92	6.29
85	93	3.87
85	94	3.11
85	95	6.15
85	96	6.68
85	97	5.41
85	98	5.05
85	99	6.4
86	87	7.13
86	88	6.33
86	89	6.71
86	90	6.36
86	91	6
86	92	4.28
86	93	6.4
86	94	5.39
86	95	4.11
86	96	3.06
86	97	6.37
86	98	5.51
86	99	5.38
87	88	3.08
87	89	4.57
87	90	4.06
87	91	3.06
87	92	3.29
87	93	4.62
87	94	5.83
87	95	5.27
87	96	4.27
87	97	3.1
87	98	3.37
87	99	6.88
88	89	5.19
88	90	6.22
88	91	6.13
88	92	3.63
88	93	6.38
88	94	6.67
88	95	6.54
88	96	6.06
88	97	6
88	98	6.44
88	99	6.37
89	90	5.45
89	91	3.11
89	92	4.62
89	93	6.3
89	94	6.02
89	95	4.72
89	96	6.09
89	97	4.11
89	98	6.18
89	99	4.5
90	91	6.71
90	92	5.87
90	93	4.63
90	94	6.33
90	95	5.74
90	96	6.16
90	97	4.8
90	98	4.24
90	99	6.4
91	92	4.29
91	93	6.9
91	94	4.2
91	95	5.17
91	96	6.49
91	97	5.02
91	98	4.05
91	99	4.15
92	93	6.14
92	94	6.65
92	95	5.52
92	96	5.28
92	97	4.73
92	98	6.65
92	99	4.69
93	94	5.15
93	95	4.54
93	96	4.69
93	97	4.94
93	98	6.44
93	99	3.92
94	95	6.61
94	96	3.58
94	97	5.19
94	98	6.4
94	99	4.02
95	96	6.31
95	97	4.87
95	98	6.1
95	99	4.66
96	97	5.65
96	98	4.83
96	99	6.46
97	98	5.99
97	99	7.55
98	99	4.7
