70
0	1	3.01
0	2	5.66
0	3	5.33
0	4	4.08
0	5	5.37
0	6	4
0	7	6.61
0	8	4.8
0	9	6.57
0	10	6.11
0	11	3.74
0	12	6.86
0	13	6.71
0	14	5.72
0	15	4.84
0	16	3.95
0	17	3.01
0	18	6.7
0	19	5.42
0	20	5.37
0	21	3.4
0	22	4.41
0	23	6.83
0	24	4.45
0	25	6.3
0	26	5.02
0	27	5.17
0	28	5.94
0	29	5.16
0	30	4.7
0	31	6.58
0	32	5.67
0	33	3.01
0	34	3.31
0	35	4.52
0	36	4.83
0	37	3.8
0	38	4.54
0	39	4.8
0	40	6.2
0	41	6.17
0	42	7.14
0	43	5.62
0	44	4.03
0	45	6.5
0	46	4.14
0	47	7.03
0	48	6.79
0	49	6.18
0	50	4.72
0	51	3.31
0	52	5.61
0	53	6.65
0	54	5.63
0	55	6.6
0	56	6.08
0	57	6.04
0	58	6.84
0	59	5.27
0	60	6.2
0	61	5.91
0	62	3.3
0	63	6.87
0	64	3.96
0	65	3.49
0	66	6.67
0	67	5.38
0	68	7.05
0	69	3.46
1	2	4.52
1	3	4.41
1	4	6.33
1	5	5.69
1	6	4.9
1	7	5.06
1	8	4.81
1	9	6.52
1	10	6.16
1	11	6.33
1	12	5.31
1	13	3.71
1	14	3.6
1	15	6.17
1	16	6.95
1	17	6.01
1	18	6.34
1	19	5.74
1	20	4.39
1	21	5.12
1	22	6.62
1	23	6.29
1	24	3.07
1	25	4.64
1	26	4.5
1	27	5.13
1	28	3.23
1	29	4.65
1	30	3.76
1	31	6.75
1	32	3.93
1	33	6.01
1	34	5.04
1	35	4.35
1	36	3.04
1	37	6.8
1	38	5.06
1	39	6.31
1	40	3.2
1	41	3.17
1	42	6.07
1	43	6.78
1	44	6.06
1	45	3.5
1	46	5.31
1	47	4.59
1	48	6.16
1	49	6.57
1	50	6.68
1	51	3.5
1	52	5.18
1	53	6.63
1	54	3.92
1	55	4.01
1	56	4.54
1	57	3.65
1	58	6.54
1	59	3.98
1	60	5.22
1	61	7.15
1	62	5.48
1	63	6.54
1	64	6.96
1	65	6.49
1	66	7.38
1	67	6.12
1	68	6.89
1	69	6.46
2	3	5.94
2	4	5.62
2	5	6.55
2	6	6.86
2	7	3.29
2	8	4.44
2	9	6.8
2	10	4.5
2	11	4.46
2	12	5.76
2	13	7.23
2	14	5.59
2	15	4.05
2	16	5.03
2	17	5.62
2	18	3.13
2	19	5.84
2	20	5.19
2	21	6.42
2	22	3.5
2	23	6.54
2	24	6.31
2	25	3.1
2	26	3.75
2	27	3.57
2	28	6.38
2	29	3.88
2	30	3.26
2	31	6.4
2	32	4.4
2	33	3.26
2	34	5.1
2	35	3.53
2	36	6.3
2	37	6.5
2	38	4.79
2	39	6.7
2	40	6.54
2	41	6.3
2	42	6.37
2	43	3.32
2	44	5.86
2	45	6.86
2	46	3.74
2	47	6.35
2	48	4.55
2	49	4.3
2	50	6.55
2	51	6.59
2	52	6.27
2	53	6.19
2	54	3.07
2	55	3.08
2	56	4.33
2	57	6.44
2	58	6.02
2	59	6.56
2	60	3.03
2	61	6.27
2	62	6.89
2	63	3.43
2	64	7.07
2	65	3.94
2	66	5.94
2	67	6.46
2	68	3.7
2	69	6.6
3	4	6.25
3	5	3.26
3	6	6.86
3	7	5.12
3	8	4.54
3	9	6.83
3	10	6.34
3	11	6.6
3	12	7.45
3	13	6.7
3	14	5.83
3	15	6.22
3	16	6.16
3	17	5.47
3	18	5.25
3	19	4.97
3	20	4.49
3	21	4.84
3	22	4.8
3	23	6.2
3	24	6.41
3	25	5.9
3	26	3.17
3	27	3.24
3	28	4.76
3	29	5.46
3	30	3.72
3	31	7.14
3	32	6.91
3	33	6.04
3	34	5.16
3	35	5.31
3	36	3.67
3	37	5.65
3	38	5.49
3	39	5.31
3	40	5.25
3	41	6.3
3	42	5.7
3	43	4.32
3	44	6.69
3	45	7.19
3	46	7.14
3	47	6.19
3	48	6.5
3	49	5.78
3	50	3.86
3	51	7.17
3	52	3.18
3	53	6.69
3	54	4.03
3	55	4.77
3	56	6.96
3	57	5.32
3	58	6.58
3	59	6.6
3	60	7.21
3	61	5.98
3	62	7
3	63	7.04
3	64	5.42
3	65	6.21
3	66	5.08
3	67	6.49
3	68	5.46
3	69	4.7
4	5	3.95
4	6	6.64
4	7	5.49
4	8	5.74
4	9	4.48
4	10	6.68
4	11	3.43
4	12	6.31
4	13	6.29
4	14	6.58
4	15	6.53
4	16	5.9
4	17	6.4
4	18	3.76
4	19	6.39
4	20	6.42
4	21	6.76
4	22	5.93
4	23	5.96
4	24	6.44
4	25	4.8
4	26	3.09
4	27	6.22
4	28	6.18
4	29	3.55
4	30	5.91
4	31	4.7
4	32	3.58
4	33	4.9
4	34	3.51
4	35	3.18
4	36	5.6
4	37	6.18
4	38	3.62
4	39	3.05
4	40	4.29
4	41	5.23
4	42	6.01
4	43	6.23
4	44	4.56
4	45	5.63
4	46	6.57
4	47	6.15
4	48	6.27
4	49	6.35
4	50	4.25
4	51	5.46
4	52	6.67
4	53	6.54
4	54	4.87
4	55	3.31
4	56	3.5
4	57	6.41
4	58	4.69
4	59	3.97
4	60	5.87
4	61	6.75
4	62	4.92
4	63	3.75
4	64	6.48
4	65	3.07
4	66	6.71
4	67	5.45
4	68	3.75
4	69	6.43
5	6	6.05
5	7	6.49
5	8	3.76
5	9	7.19
5	10	6.69
5	11	3.35
5	12	6.74
5	13	6.77
5	14	5.46
5	15	6.46
5	16	4.99
5	17	5.05
5	18	4.61
5	19	6.31
5	20	3.79
5	21	5.06
5	22	3.19
5	23	6.12
5	24	3.36
5	25	6.55
5	26	6.36
5	27	5.33
5	28	4.82
5	29	6.53
5	30	3.3
5	31	7.24
5	32	4.63
5	33	5.08
5	34	6.56
5	35	4.19
5	36	4.68
5	37	6.5
5	38	4.45
5	39	5.16
5	40	6.48
5	41	3.05
5	42	6.14
5	43	6.62
5	44	6.97
5	45	6.36
5	46	7.14
5	47	6.32
5	48	6.65
5	49	6.81
5	50	4.06
5	51	3.92
5	52	3.38
5	53	6.3
5	54	3.91
5	55	6.57
5	56	5.58
5	57	4.27
5	58	3.35
5	59	6.88
5	60	6.43
5	61	3.25
5	62	6.28
5	63	6.01
5	64	4.81
5	65	3.46
5	66	7.29
5	67	4.57
5	68	4.07
5	69	5.95
6	7	4.33
6	8	4.19
6	9	5.92
6	10	5.4
6	11	4.65
6	12	6.36
6	13	6.97
6	14	6.22
6	15	7.13
6	16	5.04
6	17	3.09
6	18	5.12
6	19	5.76
6	20	5.13
6	21	6.22
6	22	3.71
6	23	6.41
6	24	6.54
6	25	6.38
6	26	6.88
6	27	6
6	28	5.52
6	29	3.37
6	30	7.3
6	31	5.51
6	32	6.13
6	33	5.19
6	34	7.3
6	35	6.07
6	36	5.07
6	37	6.71
6	38	3.06
6	39	6.86
6	40	4.49
6	41	3.01
6	42	5.26
6	43	6.42
6	44	6.7
6	45	6.32
6	46	5.4
6	47	5.4
6	48	3.65
6	49	6.58
6	50	6.75
6	51	6.75
6	52	5.04
6	53	3.23
6	54	6.27
6	55	6.53
6	56	3.58
6	57	3.49
6	58	4.37
6	59	6.1
6	60	6.39
6	61	3.49
6	62	7.14
6	63	4.03
6	64	4.8
6	65	5.64
6	66	4.53
6	67	3.53
6	68	6.78
6	69	6.79
7	8	6.32
7	9	3.56
7	10	6.37
7	11	4.79
7	12	5.37
7	13	4.54
7	14	3.63
7	15	5.98
7	16	4.46
7	17	6.58
7	18	5.29
7	19	3.08
7	20	3.03
7	21	6.73
7	22	6.58
7	23	5.49
7	24	3.48
7	25	6.31
7	26	3.41
7	27	6.54
7	28	6.29
7	29	3.69
7	30	6.2
7	31	4.77
7	32	6.24
7	33	6.28
7	34	4.93
7	35	3.73
7	36	6.05
7	37	5.68
7	38	6.7
7	39	6.84
7	40	4.05
7	41	6.34
7	42	6.43
7	43	5.09
7	44	5.47
7	45	6.03
7	46	4.52
7	47	5.11
7	48	6.77
7	49	4.8
7	50	3.27
7	51	6.36
7	52	5.19
7	53	4.32
7	54	6.35
7	55	4.23
7	56	6.71
7	57	4.91
7	58	7.04
7	59	6.64
7	60	3.45
7	61	7.37
7	62	6.39
7	63	5.37
7	64	5.2
7	65	3.13
7	66	5.21
7	67	4.64
7	68	6.98
7	69	6.49
8	9	6.16
8	10	5.56
8	11	3.02
8	12	6.76
8	13	3.81
8	14	5.4
8	15	7.34
8	16	6.39
8	17	3.84
8	18	5.2
8	19	4.9
8	20	3.3
8	21	6.64
8	22	5.31
8	23	6.89
8	24	4.52
8	25	6.58
8	26	5.85
8	27	6.55
8	28	6.78
8	29	6.52
8	30	6.63
8	31	4.53
8	32	6.11
8	33	6.54
8	34	3.6
8	35	5.74
8	36	6.32
8	37	5.08
8	38	6.24
8	39	6.16
8	40	5.19
8	41	6.69
8	42	3.09
8	43	5.24
8	44	5
8	45	3.9
8	46	4.87
8	47	4.78
8	48	6.66
8	49	3.37
8	50	6.74
8	51	3.93
8	52	7.13
8	53	5.27
8	54	6.54
8	55	6.72
8	56	6.26
8	57	3.77
8	58	6.79
8	59	6.09
8	60	3.69
8	61	5.03
8	62	6.98
8	63	5.73
8	64	5.59
8	65	5.29
8	66	6.96
8	67	3.73
8	68	6.04
8	69	4.81
9	10	4.04
9	11	4.38
9	12	6.24
9	13	5.37
9	14	6.41
9	15	6.83
9	16	6.55
9	17	6.52
9	18	5.3
9	19	3.64
9	20	4.36
9	21	3.18
9	22	6.87
9	23	3.16
9	24	5.19
9	25	4.79
9	26	6.89
9	27	5.52
9	28	6.12
9	29	3.68
9	30	4.07
9	31	7.25
9	32	3.34
9	33	6.38
9	34	5.81
9	35	3.91
9	36	6.79
9	37	4.89
9	38	6.79
9	39	4.56
9	40	5.86
9	41	5.42
9	42	6.21
9	43	3.49
9	44	5.97
9	45	3.14
9	46	7.58
9	47	4.43
9	48	6.3
9	49	6.68
9	50	6.16
9	51	6.79
9	52	7.18
9	53	6.62
9	54	5.8
9	55	5.25
9	56	3.74
9	57	6.18
9	58	3.85
9	59	4.32
9	60	4.58
9	61	6.86
9	62	4.24
9	63	6.85
9	64	5.03
9	65	4.07
9	66	3.91
9	67	7.53
9	68	4.47
9	69	3.52
10	11	4.45
10	12	3.15
10	13	7.09
10	14	3.71
10	15	3.58
10	16	6.59
10	17	4.35
10	18	6.6
10	19	3.3
10	20	6.95
10	21	3.71
10	22	7.22
10	23	4.56
10	24	4.13
10	25	7.56
10	26	5.32
10	27	5.11
10	28	6.51
10	29	3.14
10	30	6.42
10	31	5.43
10	32	5.43
10	33	6.04
10	34	6.37
10	35	4.43
10	36	3.93
10	37	4.43
10	38	3.44
10	39	4.73
10	40	3.77
10	41	6.56
10	42	6.57
10	43	4.38
10	44	3.96
10	45	4.61
10	46	6.69
10	47	4.62
10	48	6.47
10	49	6.45
10	50	6.87
10	51	5.7
10	52	6.95
10	53	5.31
10	54	4.47
10	55	5.26
10	56	6.79
10	57	5.25
10	58	4.2
10	59	6.36
10	60	6.3
10	61	4.47
10	62	6.78
10	63	4.67
10	64	3.15
10	65	3.78
10	66	3.59
10	67	6.8
10	68	3.59
10	69	3.6
11	12	5.85
11	13	4.36
11	14	4.32
11	15	6.68
11	16	4.26
11	17	5.81
11	18	5.96
11	19	5.72
11	20	4.48
11	21	5.49
11	22	3.98
11	23	6.34
11	24	6.21
11	25	7
11	26	6.51
11	27	3.86
11	28	6.01
11	29	5.7
11	30	6.17
11	31	4.65
11	32	6.45
11	33	6.22
11	34	3.22
11	35	5.23
11	36	6.85
11	37	6.55
11	38	3.84
11	39	5.03
11	40	3.14
11	41	3.68
11	42	5.12
11	43	6.01
11	44	7.14
11	45	6.57
11	46	4.59
11	47	4.98
11	48	7.15
11	49	6.38
11	50	7
11	51	6.79
11	52	4.48
11	53	4.97
11	54	4.63
11	55	4.34
11	56	5.48
11	57	4.79
11	58	5.62
11	59	3.54
11	60	5.88
11	61	5.97
11	62	5.83
11	63	4.09
11	64	3.55
11	65	6.5
11	66	3.95
11	67	4.32
11	68	6.92
11	69	3.68
12	13	5.87
12	14	5.87
12	15	6.72
12	16	7.09
12	17	6.84
12	18	6.55
12	19	3.91
12	20	6.81
12	21	6.58
12	22	6.65
12	23	3.09
12	24	5.31
12	25	6.53
12	26	4.92
12	27	6.62
12	28	4.52
12	29	5.33
12	30	6.47
12	31	4.58
12	32	6.44
12	33	6.57
12	34	4.94
12	35	3.58
12	36	3.79
12	37	4.61
12	38	5.76
12	39	5.25
12	40	4.2
12	41	3.79
12	42	7.06
12	43	4.68
12	44	6.35
12	45	4.67
12	46	6.34
12	47	4.23
12	48	6.11
12	49	3.4
12	50	6.5
12	51	3.56
12	52	7
12	53	4.35
12	54	6.97
12	55	4.12
12	56	6.53
12	57	6.49
12	58	3.63
12	59	3.39
12	60	3.24
12	61	5.01
12	62	6.94
12	63	6.34
12	64	4.74
12	65	5.78
12	66	5.04
12	67	4.41
12	68	4.57
12	69	6.46
13	14	5.71
13	15	4.6
13	16	6.43
13	17	7.37
13	18	5.15
13	19	3.87
13	20	7.1
13	21	7.25
13	22	5.35
13	23	6.46
13	24	6.77
13	25	6.35
13	26	3.54
13	27	4.26
13	28	6.03
13	29	3.96
13	30	6.99
13	31	3.05
13	32	3.79
13	33	4.31
13	34	7.06
13	35	4.51
13	36	6.74
13	37	4.63
13	38	4.88
13	39	6.37
13	40	6.9
13	41	6.87
13	42	6.89
13	43	4.42
13	44	6.37
13	45	6.53
13	46	3.93
13	47	6.15
13	48	5.5
13	49	4.72
13	50	6.73
13	51	7.12
13	52	7.71
13	53	4.32
13	54	5.73
13	55	6.93
13	56	3.47
13	57	3.49
13	58	6.51
13	59	4.97
13	60	4.21
13	61	3.53
13	62	6.61
13	63	5.32
13	64	4.53
13	65	5.7
13	66	3.85
13	67	7.53
13	68	6.48
13	69	7.16
14	15	6.57
14	16	5.66
14	17	7.15
14	18	5.23
14	19	6.34
14	20	5.46
14	21	4.89
14	22	6.42
14	23	4.3
14	24	4.78
14	25	3.86
14	26	4.1
14	27	6.31
14	28	6.2
14	29	5.23
14	30	6.17
14	31	4.21
14	32	3.08
14	33	3.36
14	34	6.36
14	35	6.59
14	36	5.43
14	37	3.59
14	38	3.19
14	39	4.01
14	40	4.7
14	41	4.59
14	42	7.37
14	43	4.41
14	44	6.44
14	45	5.35
14	46	6.55
14	47	4.19
14	48	5.3
14	49	4.11
14	50	5.4
14	51	3.54
14	52	5.15
14	53	3.49
14	54	6.4
14	55	4.6
14	56	3.09
14	57	4.09
14	58	4.16
14	59	4.83
14	60	6.65
14	61	5.97
14	62	6.73
14	63	6.44
14	64	6.85
14	65	5.03
14	66	7.29
14	67	5.28
14	68	6.16
14	69	3.86
15	16	5.11
15	17	4.84
15	18	3.19
15	19	4.13
15	20	5
15	21	3.66
15	22	4.15
15	23	4.97
15	24	3.11
15	25	6.59
15	26	6.64
15	27	4.35
15	28	4.3
15	29	6.28
15	30	6.7
15	31	3.2
15	32	3.5
15	33	6.54
15	34	4.02
15	35	3.97
15	36	6.56
15	37	4.63
15	38	6.35
15	39	3.49
15	40	6.58
15	41	6.36
15	42	4.33
15	43	6.52
15	44	6.72
15	45	5.77
15	46	3.45
15	47	6.3
15	48	3.49
15	49	7.63
15	50	6.09
15	51	3.52
15	52	3.85
15	53	6.81
15	54	5.6
15	55	4.13
15	56	7.3
15	57	4.54
15	58	4.4
15	59	7.19
15	60	7.07
15	61	4.13
15	62	4.95
15	63	7.07
15	64	4.35
15	65	5.72
15	66	7
15	67	6.42
15	68	6.63
15	69	4.46
16	17	6.45
16	18	4.01
16	19	3.3
16	20	4.23
16	21	3.38
16	22	6.48
16	23	5.34
16	24	6.95
16	25	4.39
16	26	4.12
16	27	4.56
16	28	5.25
16	29	6.74
16	30	3.23
16	31	3.68
16	32	6.43
16	33	6.18
16	34	7.25
16	35	7.07
16	36	4.42
16	37	5.64
16	38	6.29
16	39	5.82
16	40	6.96
16	41	4.21
16	42	3.31
16	43	7.34
16	44	6.64
16	45	4.75
16	46	4.5
16	47	5.79
16	48	4.46
16	49	5.9
16	50	6.39
16	51	6.54
16	52	5.6
16	53	4.19
16	54	5.74
16	55	6.83
16	56	7.22
16	57	6.8
16	58	6.79
16	59	6.59
16	60	3.86
16	61	7.15
16	62	3.92
16	63	3.78
16	64	5.98
16	65	6.96
16	66	3.97
16	67	5.5
16	68	3.54
16	69	6.32
17	18	5.46
17	19	3.51
17	20	6.08
17	21	5.45
17	22	4.04
17	23	6.74
17	24	6.51
17	25	3.3
17	26	6.44
17	27	3.59
17	28	6.21
17	29	6.45
17	30	6.63
17	31	7.95
17	32	7.35
17	33	4.2
17	34	5.33
17	35	4
17	36	3.06
17	37	4.45
17	38	5.68
17	39	4.87
17	40	3.92
17	41	3.6
17	42	6.39
17	43	7.31
17	44	4.46
17	45	5.25
17	46	7.14
17	47	7.1
17	48	6.18
17	49	5.53
17	50	3.67
17	51	5.1
17	52	6.47
17	53	5.21
17	54	6.53
17	55	4.23
17	56	6.27
17	57	6.57
17	58	5.63
17	59	6.48
17	60	7.27
17	61	6.57
17	62	5.54
17	63	6.23
17	64	4.64
17	65	4.15
17	66	5.38
17	67	6.14
17	68	7.53
17	69	6.46
18	19	3.77
18	20	6.69
18	21	4.72
18	22	6.15
18	23	6.54
18	24	4.67
18	25	3.41
18	26	3.46
18	27	6.69
18	28	4.42
18	29	6.33
18	30	5.66
18	31	5.06
18	32	4.46
18	33	6.25
18	34	5.81
18	35	5.08
18	36	6.36
18	37	3.53
18	38	3.17
18	39	5.6
18	40	6.29
18	41	3.18
18	42	5.4
18	43	3.34
18	44	7.1
18	45	6.49
18	46	3.06
18	47	5.1
18	48	3.24
18	49	6.65
18	50	3.61
18	51	6.7
18	52	6.51
18	53	4.42
18	54	6.19
18	55	5.71
18	56	6.41
18	57	5.39
18	58	5.22
18	59	6.87
18	60	6.15
18	61	3.15
18	62	6.73
18	63	3.89
18	64	4.97
18	65	6.5
18	66	5.34
18	67	6.5
18	68	6.82
18	69	4.63
19	20	6.1
19	21	5.07
19	22	4.09
19	23	3.56
19	24	4.41
19	25	5.05
19	26	3.31
19	27	6.07
19	28	3.22
19	29	3.85
19	30	3.13
19	31	6.91
19	32	6.33
19	33	6.64
19	34	5.62
19	35	5.11
19	36	6.56
19	37	4.95
19	38	6.51
19	39	4.4
19	40	4.83
19	41	3.27
19	42	5.23
19	43	5.53
19	44	4.57
19	45	4.62
19	46	4.58
19	47	6.56
19	48	6.86
19	49	5.84
19	50	6.34
19	51	3.61
19	52	5.31
19	53	6.65
19	54	7.15
19	55	5.97
19	56	4.34
19	57	7.15
19	58	4.66
19	59	5.09
19	60	5.21
19	61	6.15
19	62	5.27
19	63	7.07
19	64	6.44
19	65	6.2
19	66	6.88
19	67	6.31
19	68	4.83
19	69	5.76
20	21	6.06
20	22	5.8
20	23	6.73
20	24	4.34
20	25	3.29
20	26	4.82
20	27	4.49
20	28	6.59
20	29	5.75
20	30	3.47
20	31	7.42
20	32	4.95
20	33	3.58
20	34	3.41
20	35	6.7
20	36	3.03
20	37	5.75
20	38	4.01
20	39	5.7
20	40	6.54
20	41	6.49
20	42	4.4
20	43	7.35
20	44	6.05
20	45	6.9
20	46	6.16
20	47	6.9
20	48	5.64
20	49	6.66
20	50	6.29
20	51	7.22
20	52	4.74
20	53	6.83
20	54	6.41
20	55	3.79
20	56	4.7
20	57	6.22
20	58	6.27
20	59	6.45
20	60	5.31
20	61	5.47
20	62	6.36
20	63	5.2
20	64	3.9
20	65	5.55
20	66	5.88
20	67	5.89
20	68	4.7
20	69	3.64
21	22	6.89
21	23	4.72
21	24	3.58
21	25	7.05
21	26	3.72
21	27	3.39
21	28	5.24
21	29	4.78
21	30	5.29
21	31	5.81
21	32	6.51
21	33	3.21
21	34	6.21
21	35	5.58
21	36	3.62
21	37	4.84
21	38	4.41
21	39	5.65
21	40	5.64
21	41	6.38
21	42	4.03
21	43	6.66
21	44	4.92
21	45	5.27
21	46	5.76
21	47	7.04
21	48	5.26
21	49	5.81
21	50	6.79
21	51	3.76
21	52	7.21
21	53	4.09
21	54	3.36
21	55	3.46
21	56	4.11
21	57	7.39
21	58	6.63
21	59	6.75
21	60	6.85
21	61	5.19
21	62	6.69
21	63	6.37
21	64	6.86
21	65	4.1
21	66	6.28
21	67	6.28
21	68	4.32
21	69	5.63
22	23	4.42
22	24	5.41
22	25	6.13
22	26	3.18
22	27	6.17
22	28	6.34
22	29	5.74
22	30	6.19
22	31	6.28
22	32	5.03
22	33	4.28
22	34	4.9
22	35	5.8
22	36	3.59
22	37	5.04
22	38	4.93
22	39	3.88
22	40	4.74
22	41	5.89
22	42	3.18
22	43	5.68
22	44	6.61
22	45	6.64
22	46	3.96
22	47	4.65
22	48	5.91
22	49	5.79
22	50	6.72
22	51	4.96
22	52	6.32
22	53	3.88
22	54	4.29
22	55	6.57
22	56	6.27
22	57	6.05
22	58	3.03
22	59	4.66
22	60	5.63
22	61	3.01
22	62	3.83
22	63	3.58
22	64	6.16
22	65	3.86
22	66	5.38
22	67	6.47
22	68	5.93
22	69	7.22
23	24	3.5
23	25	3.45
23	26	6.79
23	27	4.37
23	28	3.07
23	29	6.64
23	30	6.19
23	31	4.91
23	32	6.19
23	33	3.85
23	34	6.25
23	35	3.34
23	36	4.65
23	37	4.19
23	38	5.36
23	39	4.51
23	40	5.43
23	41	5.9
23	42	7.29
23	43	4.8
23	44	4.39
23	45	5.37
23	46	6.32
23	47	7.08
23	48	3.31
23	49	3.53
23	50	6.32
23	51	4.55
23	52	6.62
23	53	6.29
23	54	4.6
23	55	5.35
23	56	6.67
23	57	6.62
23	58	5.11
23	59	6.47
23	60	4.47
23	61	6.73
23	62	6.32
23	63	7.11
23	64	6.83
23	65	6.08
23	66	4.21
23	67	6.16
23	68	3.48
23	69	3.38
24	25	6.36
24	26	3.6
24	27	3.18
24	28	3.62
24	29	3.18
24	30	4.17
24	31	6.3
24	32	3.08
24	33	3.88
24	34	3.5
24	35	4.28
24	36	3.46
24	37	6.52
24	38	4.56
24	39	5.9
24	40	6.26
24	41	6.23
24	42	6.61
24	43	5.86
24	44	3.62
24	45	3.76
24	46	6.44
24	47	6.38
24	48	3.3
24	49	6.86
24	50	3.86
24	51	6.56
24	52	4.32
24	53	6.39
24	54	4.51
24	55	5.87
24	56	5.89
24	57	5.58
24	58	3.66
24	59	6.22
24	60	5.83
24	61	4.51
24	62	5.44
24	63	5.66
24	64	6.49
24	65	5.6
24	66	6.34
24	67	5.91
24	68	6.97
24	69	5.72
25	26	4.75
25	27	6.22
25	28	6.51
25	29	6.97
25	30	4.58
25	31	7
25	32	4.69
25	33	4.06
25	34	4.19
25	35	4.84
25	36	5.12
25	37	4.06
25	38	5.92
25	39	7.65
25	40	7.21
25	41	5.48
25	42	4.86
25	43	6.41
25	44	3.95
25	45	7.28
25	46	6.46
25	47	6.19
25	48	4.16
25	49	6.97
25	50	5.86
25	51	7.39
25	52	3.18
25	53	5.9
25	54	6.16
25	55	6.17
25	56	4.44
25	57	6.67
25	58	3.65
25	59	3.47
25	60	3.98
25	61	5.97
25	62	6.65
25	63	5.56
25	64	5.73
25	65	7.03
25	66	6.93
25	67	7.43
25	68	4.24
25	69	4.89
26	27	4.23
26	28	4.13
26	29	6.63
26	30	6.43
26	31	6.58
26	32	6.66
26	33	3.71
26	34	5
26	35	6.26
26	36	5.53
26	37	6.66
26	38	4.67
26	39	5.3
26	40	5.27
26	41	4.65
26	42	6.35
26	43	4.53
26	44	5.56
26	45	7.13
26	46	6.51
26	47	7.18
26	48	5.38
26	49	3.27
26	50	3.76
26	51	4.19
26	52	6.34
26	53	6.81
26	54	6.75
26	55	3.4
26	56	5.7
26	57	6.36
26	58	3.8
26	59	4.85
26	60	4.05
26	61	6.18
26	62	7.01
26	63	4.31
26	64	6.16
26	65	5.22
26	66	4.09
26	67	7.22
26	68	6.79
26	69	6.51
27	28	3.51
27	29	6.32
27	30	6.63
27	31	6.32
27	32	6.25
27	33	3.79
27	34	4.59
27	35	3.05
27	36	5.02
27	37	4.93
27	38	6.69
27	39	7.38
27	40	6.06
27	41	7.18
27	42	4.47
27	43	4.12
27	44	6.02
27	45	4.95
27	46	5.33
27	47	7.09
27	48	6.45
27	49	4.03
27	50	4.95
27	51	6.76
27	52	5.43
27	53	6.1
27	54	4.74
27	55	6.64
27	56	4.17
27	57	4.63
27	58	3.36
27	59	3.37
27	60	6.59
27	61	4.11
27	62	4.01
27	63	6.93
27	64	7.26
27	65	5.42
27	66	6.32
27	67	6.54
27	68	6.58
27	69	7.27
28	29	4.18
28	30	3.13
28	31	6.77
28	32	3.13
28	33	3.43
28	34	3.19
28	35	3.01
28	36	5.63
28	37	5.96
28	38	4.44
28	39	5.8
28	40	3.15
28	41	3.91
28	42	4.38
28	43	3.56
28	44	5.45
28	45	5.53
28	46	3.26
28	47	6.56
28	48	6.37
28	49	6.52
28	50	5.7
28	51	6.72
28	52	6.53
28	53	3.44
28	54	6.38
28	55	6.76
28	56	5.87
28	57	6.34
28	58	3.32
28	59	5.19
28	60	4.7
28	61	6.49
28	62	4.44
28	63	6.58
28	64	6.15
28	65	6.72
28	66	5.64
28	67	3.1
28	68	6.54
28	69	3.8
29	30	6.35
29	31	7
29	32	3.78
29	33	7.05
29	34	5.56
29	35	3.31
29	36	6.63
29	37	3.35
29	38	4.43
29	39	6.17
29	40	5.61
29	41	6.37
29	42	3.44
29	43	6.63
29	44	4.1
29	45	5.17
29	46	5.12
29	47	6.7
29	48	6.47
29	49	4.78
29	50	5.56
29	51	6.57
29	52	7.49
29	53	4.97
29	54	5.33
29	55	6.85
29	56	6.94
29	57	3.31
29	58	3.36
29	59	6.59
29	60	3.75
29	61	6.85
29	62	4.38
29	63	7.3
29	64	6.28
29	65	6.61
29	66	3.17
29	67	6.72
29	68	6.45
29	69	5.07
30	31	6.54
30	32	3.21
30	33	6.33
30	34	5.76
30	35	6.13
30	36	6.49
30	37	4.98
30	38	5.95
30	39	4.75
30	40	5.83
30	41	4.93
30	42	3.77
30	43	6.47
30	44	7.69
30	45	6.76
30	46	6.38
30	47	3.44
30	48	6.7
30	49	4.47
30	50	5.02
30	51	4.63
30	52	5.93
30	53	6.52
30	54	5.99
30	55	4.01
30	56	7.46
30	57	6.5
30	58	6.44
30	59	6.46
30	60	4.33
30	61	6.51
30	62	4.56
30	63	4.47
30	64	6.53
30	65	3.86
30	66	7.11
30	67	6.22
30	68	6.11
30	69	5.01
31	32	4.55
31	33	5.19
31	34	4.02
31	35	6.97
31	36	5.01
31	37	6.46
31	38	4.91
31	39	3.33
31	40	7.27
31	41	5.3
31	42	5.57
31	43	6.14
31	44	4.31
31	45	4.12
31	46	6.64
31	47	3.11
31	48	6.68
31	49	4.66
31	50	5.02
31	51	6.71
31	52	5.33
31	53	6.09
31	54	3.34
31	55	6.95
31	56	6.51
31	57	6.42
31	58	6.88
31	59	7.12
31	60	5.72
31	61	6.18
31	62	5.49
31	63	6.35
31	64	6.76
31	65	5.29
31	66	6.66
31	67	5.86
31	68	3.44
31	69	6.91
32	33	5.41
32	34	6.31
32	35	3.79
32	36	6.37
32	37	4.35
32	38	6.26
32	39	6.62
32	40	6.27
32	41	3.98
32	42	6.97
32	43	6.68
32	44	4.6
32	45	5.97
32	46	6.38
32	47	4.24
32	48	4.11
32	49	4.49
32	50	5.45
32	51	6.61
32	52	4.88
32	53	3.32
32	54	5.21
32	55	5.56
32	56	6.01
32	57	3.87
32	58	4.08
32	59	5.43
32	60	6.48
32	61	6.37
32	62	7.15
32	63	3.57
32	64	6.1
32	65	6.64
32	66	6.41
32	67	4.47
32	68	5.99
32	69	6.22
33	34	3.01
33	35	6.43
33	36	3.55
33	37	4.77
33	38	6.54
33	39	4.88
33	40	6.04
33	41	5.24
33	42	4.52
33	43	3.78
33	44	4.02
33	45	3.61
33	46	3.2
33	47	4.03
33	48	6.16
33	49	3.18
33	50	6.55
33	51	5.17
33	52	5.01
33	53	5.4
33	54	3.05
33	55	5.42
33	56	4.39
33	57	5.61
33	58	6.05
33	59	4.41
33	60	6.28
33	61	3.75
33	62	5.44
33	63	5.65
33	64	6.48
33	65	6.49
33	66	4.31
33	67	6.52
33	68	4.89
33	69	4.2
34	35	6.19
34	36	4.69
34	37	5.09
34	38	5.74
34	39	5.4
34	40	6.33
34	41	5.68
34	42	6.68
34	43	6.74
34	44	4.13
34	45	5.48
34	46	6.2
34	47	6.62
34	48	6.79
34	49	5.95
34	50	5
34	51	6.04
34	52	3.61
34	53	5.61
34	54	6.05
34	55	6.81
34	56	4.54
34	57	5.68
34	58	4.82
34	59	6.75
34	60	5.37
34	61	6.75
34	62	3.45
34	63	3.83
34	64	4.72
34	65	6.57
34	66	6.82
34	67	4.51
34	68	6.94
34	69	6.76
35	36	3.68
35	37	3.01
35	38	4.49
35	39	5.38
35	40	3.02
35	41	6.91
35	42	6.74
35	43	6.45
35	44	3.94
35	45	6.64
35	46	5.37
35	47	6.36
35	48	3.41
35	49	6.39
35	50	3.95
35	51	5.93
35	52	6.05
35	53	5.39
35	54	6.59
35	55	4.22
35	56	5.62
35	57	6.61
35	58	3.68
35	59	3.29
35	60	6.55
35	61	3.72
35	62	3.37
35	63	6.45
35	64	6.07
35	65	6.24
35	66	4.04
35	67	5.01
35	68	3.54
35	69	5.13
36	37	6.46
36	38	5.81
36	39	3.87
36	40	5.45
36	41	3.47
36	42	3.57
36	43	5.91
36	44	3.03
36	45	5.66
36	46	4.13
36	47	6.97
36	48	3.13
36	49	6.72
36	50	3.72
36	51	6.53
36	52	6.45
36	53	4.49
36	54	6
36	55	6.81
36	56	3.3
36	57	6.24
36	58	3.77
36	59	3.43
36	60	6.27
36	61	6.56
36	62	3.34
36	63	6.49
36	64	4.78
36	65	5.48
36	66	6.71
36	67	3.09
36	68	4.72
36	69	6.66
37	38	6.07
37	39	3.83
37	40	4.95
37	41	6.7
37	42	6.78
37	43	3.45
37	44	6.94
37	45	5.08
37	46	6.58
37	47	3.36
37	48	3.42
37	49	6.62
37	50	6.27
37	51	3.85
37	52	6.29
37	53	4.08
37	54	5.82
37	55	6.41
37	56	6.36
37	57	6.18
37	58	3.16
37	59	3.56
37	60	3.91
37	61	6.43
37	62	4.69
37	63	6.54
37	64	6.43
37	65	6.61
37	66	6.34
37	67	3.38
37	68	4.89
37	69	7.25
38	39	6.67
38	40	6.97
38	41	3.35
38	42	7.31
38	43	3.98
38	44	5.32
38	45	3.66
38	46	4.82
38	47	5.52
38	48	5.24
38	49	5.09
38	50	6.77
38	51	4.76
38	52	5.45
38	53	5.62
38	54	7.49
38	55	4.87
38	56	5.88
38	57	4.7
38	58	6.25
38	59	4.24
38	60	4.86
38	61	4.27
38	62	4.73
38	63	7.05
38	64	4.65
38	65	6.68
38	66	4.44
38	67	6.58
38	68	3.73
38	69	3.91
39	40	3.95
39	41	4.52
39	42	5.81
39	43	5.33
39	44	6.89
39	45	3.33
39	46	3.53
39	47	3.11
39	48	5.57
39	49	6.74
39	50	6.58
39	51	6.95
39	52	6.12
39	53	4.29
39	54	6.66
39	55	3.63
39	56	5.92
39	57	5.77
39	58	4.03
39	59	4.35
39	60	5.17
39	61	3.71
39	62	3.49
39	63	5.08
39	64	3.44
39	65	3.72
39	66	5.07
39	67	6.95
39	68	6.05
39	69	3.59
40	41	6.36
40	42	5.21
40	43	6.7
40	44	6.95
40	45	4.66
40	46	3.24
40	47	4.88
40	48	4.02
40	49	3.38
40	50	5.71
40	51	6.69
40	52	7.32
40	53	6.58
40	54	4.15
40	55	6.74
40	56	3.87
40	57	3.89
40	58	3.8
40	59	5.12
40	60	7.43
40	61	5.03
40	62	3.97
40	63	3.44
40	64	6.68
40	65	3.91
40	66	4.28
40	67	5.86
40	68	6.55
40	69	6.62
41	42	6.25
41	43	5.21
41	44	5.13
41	45	3.32
41	46	6.23
41	47	4.61
41	48	6.41
41	49	6.25
41	50	6.78
41	51	6.66
41	52	3.58
41	53	3.47
41	54	6.95
41	55	5.58
41	56	4.23
41	57	6.36
41	58	3.98
41	59	6.72
41	60	6.39
41	61	6.29
41	62	4.8
41	63	5.36
41	64	5.62
41	65	3.87
41	66	4.92
41	67	3.33
41	68	4.15
41	69	3.83
42	43	4.94
42	44	3.99
42	45	3.79
42	46	3.63
42	47	3.54
42	48	6.55
42	49	3.77
42	50	7.14
42	51	4.1
42	52	4.23
42	53	6.72
42	54	3.46
42	55	4.56
42	56	6.86
42	57	3.5
42	58	5.66
42	59	6.99
42	60	3.92
42	61	5.29
42	62	6.9
42	63	5.05
42	64	6.85
42	65	3.66
42	66	4.06
42	67	5.44
42	68	6.45
42	69	6.83
43	44	6.29
43	45	6.17
43	46	4.1
43	47	3.04
43	48	4.26
43	49	5.27
43	50	4.42
43	51	4.23
43	52	4.15
43	53	5.67
43	54	6.38
43	55	5.8
43	56	7.11
43	57	4.32
43	58	6.3
43	59	5.77
43	60	4.92
43	61	5.95
43	62	6.43
43	63	4.12
43	64	5.1
43	65	3.17
43	66	6.39
43	67	5.53
43	68	5.73
43	69	6.53
44	45	5.18
44	46	6.42
44	47	6.61
44	48	4.7
44	49	6.31
44	50	4.4
44	51	3.84
44	52	4.37
44	53	7.07
44	54	6.16
44	55	4.49
44	56	3.68
44	57	3.22
44	58	6.24
44	59	6.45
44	60	6.83
44	61	4.42
44	62	6.37
44	63	7.52
44	64	6.57
44	65	4.93
44	66	7.26
44	67	5.06
44	68	4.23
44	69	5.62
45	46	4.73
45	47	5.21
45	48	4.9
45	49	6.14
45	50	6.12
45	51	4.32
45	52	5.02
45	53	6.64
45	54	4.27
45	55	5.56
45	56	6.69
45	57	3.05
45	58	6.07
45	59	3.82
45	60	3.83
45	61	5.58
45	62	4.74
45	63	7.09
45	64	3.69
45	65	6.04
45	66	5.73
45	67	4.4
45	68	3.87
45	69	5.38
46	47	4.58
46	48	6.29
46	49	6.37
46	50	3.74
46	51	6.96
46	52	4.09
46	53	5.04
46	54	4.57
46	55	3.51
46	56	7.1
46	57	3.81
46	58	6.57
46	59	4.63
46	60	6.76
46	61	6.2
46	62	6.22
46	63	5.76
46	64	3.55
46	65	5.71
46	66	5.83
46	67	3.65
46	68	4.33
46	69	6.5
47	48	5
47	49	3.92
47	50	6.24
47	51	4.02
47	52	3.02
47	53	6.13
47	54	6.2
47	55	6.27
47	56	6.34
47	57	3.4
47	58	5.43
47	59	6.68
47	60	5.91
47	61	3.08
47	62	6.59
47	63	6.67
47	64	4.75
47	65	6.2
47	66	7.57
47	67	6.19
47	68	4.95
47	69	5.04
48	49	6.83
48	50	3.81
48	51	5.21
48	52	3.33
48	53	5.53
48	54	6.2
48	55	3.99
48	56	3.82
48	57	4.25
48	58	6.57
48	59	6.55
48	60	7.32
48	61	6.09
48	62	3.5
48	63	3.86
48	64	7.48
48	65	6.76
48	66	6.2
48	67	5.11
48	68	4.73
48	69	5.8
49	50	3.38
49	51	4.12
49	52	6.41
49	53	3.55
49	54	5.05
49	55	4.59
49	56	7.19
49	57	3.1
49	58	3.47
49	59	6.78
49	60	6.63
49	61	6.46
49	62	4.61
49	63	6.81
49	64	3.31
49	65	3.7
49	66	6.66
49	67	5
49	68	6.68
49	69	3.25
50	51	7.49
50	52	3.23
50	53	4.14
50	54	4.04
50	55	6.15
50	56	6.61
50	57	6.23
50	58	6.63
50	59	3.47
50	60	5.49
50	61	4.36
50	62	6.66
50	63	4.88
50	64	5.61
50	65	6.39
50	66	3.29
50	67	3.8
50	68	4.53
50	69	4.24
51	52	5.82
51	53	6.73
51	54	7.11
51	55	4.51
51	56	4.73
51	57	3.64
51	58	6.61
51	59	5.95
51	60	3.57
51	61	5.1
51	62	5.85
51	63	4.6
51	64	6.76
51	65	3.24
51	66	7.93
51	67	4.97
51	68	7.44
51	69	6.14
52	53	3.52
52	54	7.08
52	55	7
52	56	5.53
52	57	6.41
52	58	6.72
52	59	3.67
52	60	6.51
52	61	6.09
52	62	6.82
52	63	5.55
52	64	4.16
52	65	6.83
52	66	5.61
52	67	5.59
52	68	4.22
52	69	3.67
53	54	3.57
53	55	3.73
53	56	6.32
53	57	6.64
53	58	5.42
53	59	3.92
53	60	3.17
53	61	3.06
53	62	7.15
53	63	6
53	64	6.21
53	65	5.34
53	66	5.99
53	67	5.28
53	68	7.61
53	69	4.37
54	55	3.93
54	56	4.94
54	57	6.95
54	58	6.51
54	59	6.25
54	60	3.74
54	61	3.24
54	62	4.99
54	63	3.02
54	64	4.46
54	65	5.05
54	66	6.68
54	67	4.63
54	68	5.51
54	69	6.33
55	56	6.8
55	57	4.52
55	58	6
55	59	4.26
55	60	6.1
55	61	4.77
55	62	6.38
55	63	6.5
55	64	6.94
55	65	3.12
55	66	7.48
55	67	7.15
55	68	6
55	69	6.48
56	57	4.82
56	58	5.58
56	59	3.15
56	60	7.21
56	61	3.27
56	62	6.63
56	63	5.94
56	64	4.63
56	65	6.56
56	66	5.22
56	67	4.99
56	68	3.69
56	69	4.89
57	58	3.03
57	59	4.95
57	60	6.87
57	61	6.47
57	62	5.64
57	63	5.24
57	64	3.36
57	65	4.73
57	66	6.4
57	67	7.01
57	68	5.98
57	69	6.34
58	59	6.71
58	60	5.34
58	61	6.03
58	62	5.47
58	63	4.46
58	64	6.38
58	65	6.17
58	66	6.52
58	67	4.14
58	68	7.19
58	69	6.71
59	60	5.59
59	61	5.06
59	62	5.57
59	63	3.57
59	64	4.63
59	65	6.95
59	66	6.75
59	67	4.41
59	68	6.82
59	69	7.21
60	61	5.43
60	62	6.04
60	63	4.69
60	64	4.34
60	65	5
60	66	6.91
60	67	3.93
60	68	6.72
60	69	3.58
61	62	4.92
61	63	4.87
61	64	3.16
61	65	6.1
61	66	4.65
61	67	6.89
61	68	6.53
61	69	4.31
62	63	6.37
62	64	4.41
62	65	3.27
62	66	3.38
62	67	3.68
62	68	6.3
62	69	4.13
63	64	7.21
63	65	3.39
63	66	7.71
63	67	6.3
63	68	7.12
63	69	6.75
64	65	3.83
64	66	4.85
64	67	3.74
64	68	3.38
64	69	6.55
65	66	4.81
65	67	6.41
65	68	5.83
65	69	3.37
66	67	5.67
66	68	4.56
66	69	6.37
67	68	5.57
67	69	6.32
68	69	4.64
