100
5
4
0
-2
8
0
1
-3
-5
-1
3
-1
5
-5
-1
1
4
4
0
2
-1
3
-3
6
5
-1
-2
0
0
-2
1
-4
-2
-2
3
3
7
-2
-1
0
-6
2
-5
4
-4
-3
0
0
7
0
-1
-3
1
-3
3
-4
-2
1
7
4
0
-8
5
-1
1
-4
0
-6
1
-5
-6
-1
-4
-3
2
0
1
-2
2
4
3
0
-6
2
5
-3
1
-8
3
-1
-2
4
1
0
-3
2
1
-3
3
0
0	73	5	5
73	46	67	3
46	19	-1	1
19	92	26	7
92	65	42	8
65	38	65	4
38	11	25	6
11	84	33	2
84	57	52	7
57	30	3	10
30	3	12	9
3	76	68	4
76	49	15	9
49	22	37	1
22	95	85	2
95	68	-5	5
68	41	42	3
41	14	27	5
14	87	31	2
87	60	66	2
60	33	54	6
33	6	47	1
6	79	58	2
79	52	58	3
52	25	22	6
25	98	45	1
98	71	19	3
71	44	72	7
44	17	71	9
17	90	87	8
90	63	-4	2
63	36	1	3
36	9	48	10
9	82	39	4
82	55	50	9
55	28	48	2
28	1	45	8
1	74	33	1
74	47	26	2
47	20	19	5
20	93	-3	5
93	66	82	10
66	39	27	1
39	12	73	2
12	85	30	7
85	58	62	4
58	31	50	3
31	4	32	1
4	77	79	3
77	50	54	6
50	23	84	8
23	96	60	1
96	69	70	10
69	42	57	3
42	15	66	1
15	88	-2	9
88	61	53	4
61	34	49	5
34	7	8	5
7	80	66	9
80	53	13	7
53	26	27	5
26	99	78	7
99	72	27	2
72	45	33	3
45	18	-8	4
18	91	48	7
91	64	7	6
64	37	22	3
37	10	15	1
10	83	6	1
83	56	-9	10
56	29	7	6
29	2	48	6
2	75	26	7
75	48	66	2
48	21	86	9
21	94	12	4
94	67	3	8
67	40	39	1
40	13	45	6
13	86	37	10
86	59	51	2
59	32	10	8
32	5	36	3
5	78	70	5
78	51	63	6
51	24	10	4
24	97	16	10
97	70	45	6
70	43	33	9
43	16	1	7
16	89	54	5
89	62	13	1
62	35	38	1
35	8	40	7
8	81	-6	4
81	54	38	3
54	27	-9	2
27	0	5	9
68	54	47	1
23	27	73	10
82	90	62	5
88	27	14	2
22	86	58	4
73	99	53	4
77	10	33	5
5	13	64	7
76	43	47	4
68	11	37	5
62	6	8	10
49	48	75	2
71	53	79	8
8	99	56	4
33	48	50	9
58	90	39	2
46	99	-2	1
82	96	54	8
40	61	-3	5
30	51	61	1
13	27	67	5
7	74	9	9
31	38	46	10
15	0	74	3
83	65	81	5
46	58	29	8
83	88	-7	1
49	96	4	8
3	57	42	7
53	36	-3	1
79	25	35	2
5	49	1	8
12	66	-6	2
32	9	89	5
37	97	42	8
51	74	40	1
46	77	19	8
71	49	46	5
21	31	81	10
42	7	72	6
3	13	-1	5
94	88	17	2
84	19	10	7
70	3	49	9
94	93	37	10
40	57	57	4
22	69	32	6
65	28	1	2
49	66	49	9
59	81	-9	10
3	83	15	6
36	74	87	6
43	85	3	6
89	44	44	5
64	65	64	2
4	61	-2	9
38	94	35	2
45	11	22	1
97	7	70	10
74	19	29	2
85	98	22	10
65	13	72	9
95	11	12	4
56	19	11	7
18	73	17	3
68	83	89	4
71	43	20	1
77	21	4	3
32	23	44	7
72	82	-4	6
33	41	12	5
8	31	58	7
77	9	64	9
97	30	80	4
42	50	77	4
2	69	-9	9
81	39	28	3
70	21	18	9
37	96	34	5
63	27	56	10
60	95	27	1
25	36	25	8
64	66	38	7
50	2	66	9
93	17	26	9
27	75	63	9
86	33	77	10
50	56	89	4
64	75	36	3
84	94	35	9
27	9	75	3
96	51	81	8
52	95	41	10
66	2	82	4
48	74	26	7
28	76	3	10
96	7	79	6
12	77	-8	3
85	5	5	3
34	74	18	10
39	64	83	6
95	44	69	1
99	0	36	2
33	84	48	4
85	17	38	9
37	79	61	3
89	54	-9	10
60	57	53	6
92	85	19	3
6	83	16	3
40	94	53	8
18	30	71	1
45	81	62	9
63	25	78	8
38	54	-1	1
80	48	62	4
18	17	69	3
72	52	83	1
9	38	69	4
7	67	65	8
27	17	46	3
3	81	89	7
60	50	15	6
0	20	71	6
98	87	7	10
16	20	66	9
83	94	56	7
16	29	83	2
95	73	68	9
44	82	58	7
73	15	45	5
76	17	11	9
77	87	-10	4
66	52	6	2
98	6	66	7
71	40	33	5
82	88	22	10
90	88	63	2
93	92	89	2
62	86	64	1
77	6	5	3
99	13	89	7
68	52	21	1
99	1	0	2
50	89	19	1
67	14	85	5
66	20	49	3
38	44	73	3
98	74	27	10
28	78	77	9
42	52	0	10
58	39	88	9
30	93	51	1
8	42	87	6
3	16	73	10
35	16	34	3
97	58	-2	9
96	52	23	8
40	92	13	8
56	57	1	6
96	1	19	3
47	1	57	1
75	99	33	1
25	53	-10	5
70	28	76	4
31	56	17	1
31	39	63	10
12	48	63	2
34	53	-9	1
80	97	57	10
3	87	82	10
29	99	52	4
90	13	55	2
91	16	89	9
92	29	35	9
8	63	83	10
56	95	31	2
4	83	0	5
27	25	-3	8
89	15	69	10
32	57	81	7
19	14	46	8
89	88	19	10
48	78	74	4
22	67	80	3
38	2	2	10
62	82	76	10
58	5	-4	8
0	67	77	6
31	0	73	9
52	90	55	6
19	35	10	10
71	16	80	1
85	71	47	7
55	69	31	7
30	52	38	4
21	33	69	4
76	75	67	7
35	36	24	10
1	3	2	9
1	52	28	10
31	83	47	4
32	91	6	6
50	58	17	2
43	17	32	2
13	72	78	1
11	18	65	4
40	55	76	4
41	80	81	8
45	12	52	7
5	24	44	10
8	10	45	2
76	54	52	2
9	85	47	7
97	79	44	7
64	71	71	4
72	36	65	5
53	64	86	6
90	45	40	10
60	31	82	5
6	5	89	8
42	77	19	7
38	43	14	1
38	58	37	3
57	89	-2	9
27	32	56	4
68	5	44	6
50	74	55	10
72	78	-6	5
54	91	70	10
48	69	60	1
59	50	87	5
62	65	-4	5
62	87	62	1
17	7	61	7
87	79	70	5
24	13	84	8
16	60	87	5
92	34	-7	5
72	46	29	7
5	91	12	7
38	83	40	8
93	2	-9	9
52	32	36	4
70	23	84	7
32	35	36	6
11	58	86	10
60	64	62	4
82	24	73	4
24	38	35	6
56	60	54	7
79	46	55	4
64	93	77	8
46	11	0	1
73	13	74	4
45	65	60	4
23	42	88	1
22	44	1	7
78	0	-8	3
76	78	51	3
98	24	76	8
2	60	16	3
54	98	52	1
79	20	-2	4
86	11	50	1
44	84	28	4
58	2	28	10
11	44	89	2
72	79	19	5
86	57	58	7
29	80	73	3
20	83	48	7
38	79	8	4
40	44	68	9
5	54	46	9
59	36	-7	10
44	69	84	7
56	53	20	3
9	19	-10	5
39	85	67	5
40	23	16	8
77	37	12	6
14	82	53	3
95	1	20	2
60	58	-10	8
55	58	43	8
64	84	78	1
40	9	51	3
11	4	19	2
40	97	80	7
49	9	19	9
61	99	42	5
82	6	66	2
99	87	84	6
64	40	46	5
10	12	50	7
37	76	34	10
94	76	9	6
67	34	68	8
71	37	30	8
37	19	39	3
50	81	59	9
64	76	51	5
49	64	-1	1
12	90	47	2
28	34	67	8
51	46	-4	5
37	58	-10	8
55	52	61	4
50	32	7	7
62	59	34	1
11	63	-5	4
13	80	-6	8
3	92	44	4
24	15	54	7
60	72	53	1
88	43	72	9
48	60	49	10
34	51	84	6
79	74	34	6
56	24	76	9
74	61	-5	2
68	43	40	3
53	21	48	3
21	76	61	10
52	85	38	1
62	63	-9	2
53	99	37	3
16	70	4	2
67	55	46	9
32	69	47	3
57	76	6	8
79	98	3	1
0	36	30	5
39	88	11	3
66	15	51	4
51	13	59	4
9	45	14	1
26	50	84	2
43	89	35	1
58	82	37	6
69	1	43	6
13	87	73	9
53	39	59	8
78	60	20	9
2	43	43	5
52	61	71	4
31	67	51	3
22	97	50	10
8	25	10	9
23	85	76	6
96	46	40	4
94	24	43	6
61	64	-5	10
33	16	79	6
59	27	48	8
37	50	-3	3
48	36	25	6
17	21	2	3
24	65	29	8
94	98	79	7
84	74	-4	10
98	48	30	1
58	89	60	2
26	88	88	3
29	21	52	7
88	63	85	5
25	30	87	5
73	50	-2	7
13	66	37	3
13	8	47	9
60	84	38	1
48	94	71	6
21	66	17	2
31	52	14	1
75	18	17	6
83	30	15	6
64	63	73	1
53	1	77	4
52	34	35	8
92	62	59	6
43	82	16	6
5	88	21	1
71	27	34	9
89	5	77	8
40	59	47	9
96	29	47	6
14	83	9	6
30	11	46	3
63	13	21	7
10	18	66	8
78	66	78	8
76	51	40	6
90	36	83	5
55	96	72	5
38	47	7	5
9	60	52	4
65	7	52	5
39	96	16	2
54	80	23	1
42	75	70	2
2	71	25	2
41	46	0	8
44	6	63	3
0	87	63	4
21	63	59	4
69	59	65	4
24	35	-9	9
24	89	74	9
32	10	28	1
29	71	-6	3
22	56	82	5
36	65	87	5
16	75	66	9
91	1	35	2
5	53	43	9
46	67	82	6
29	54	15	8
63	76	71	4
63	61	66	7
90	0	68	3
11	10	0	9
13	34	49	10
44	73	62	8
69	74	48	5
82	18	70	3
66	74	29	6
26	6	42	7
94	29	83	5
78	90	23	10
3	37	63	10
70	13	37	10
80	78	86	7
10	29	0	7
55	53	84	6
0	2	40	5
92	15	54	2
66	61	29	5
4	48	25	10
94	19	20	9
34	31	40	8
22	58	84	8
19	5	77	5
12	58	44	6
19	33	68	3
93	50	35	9
35	84	39	6
46	9	44	1
93	22	15	9
36	23	11	5
46	71	73	8
80	32	-6	2
53	95	38	10
31	92	-1	1
80	45	12	4
86	68	19	10
97	18	81	1
81	85	65	10
42	37	3	7
98	39	66	5
62	69	-6	6
97	83	83	6
49	65	-7	6
58	48	18	2
33	63	8	9
88	44	22	3
3	80	0	8
67	23	5	1
44	80	1	8
2	77	5	4
64	46	11	8
40	88	-4	6
29	64	51	6
52	77	74	5
75	74	31	4
57	73	61	9
2	64	-2	6
78	91	74	1
16	18	1	2
59	23	38	7
97	39	25	10
81	5	58	10
2	18	83	2
24	0	59	7
69	65	68	7
9	92	53	10
62	61	40	10
52	0	26	4
34	90	23	1
51	60	47	2
40	15	40	4
1	18	36	1
98	12	22	4
36	79	40	8
10	59	27	6
80	30	28	1
24	81	49	1
73	23	36	7
29	79	-5	9
5	9	55	7
5	22	-6	1
21	0	35	3
24	73	72	6
55	6	59	1
16	42	65	9
1	10	31	10
69	33	28	3
80	61	45	10
12	83	50	6
30	28	-10	8
45	21	85	1
11	59	23	2
25	96	86	9
31	89	70	7
15	57	20	1
42	2	44	2
1	21	8	8
41	83	89	8
57	27	58	2
19	73	63	3
45	16	16	3
68	71	66	3
92	42	36	3
39	24	73	7
96	70	11	8
31	65	84	5
23	9	58	9
64	98	16	7
8	83	-8	10
87	38	47	6
13	74	68	4
24	1	88	2
26	39	89	8
59	25	23	10
8	97	-3	9
88	97	22	5
14	16	71	5
39	33	26	7
79	33	35	8
26	52	17	10
95	27	20	3
6	38	83	4
49	88	63	10
68	99	9	2
83	49	16	5
82	98	13	6
1	49	51	5
10	64	86	10
91	73	30	9
35	88	39	9
70	83	24	3
87	39	4	10
92	12	86	4
53	69	3	9
88	60	21	9
20	28	88	4
49	84	58	3
29	61	53	3
64	74	-3	3
60	25	33	9
89	80	50	1
16	94	83	4
9	22	85	10
6	74	75	5
81	15	-9	9
75	7	-1	6
28	0	89	7
1	94	26	7
56	40	77	2
53	40	25	10
92	87	1	8
50	48	19	6
97	62	47	8
84	46	22	1
82	21	29	1
59	22	33	1
54	66	60	9
8	26	89	10
63	18	68	9
60	44	73	5
95	64	32	10
45	53	65	2
58	53	64	3
21	52	61	5
44	1	33	2
29	95	37	6
33	30	27	2
96	5	0	2
75	6	3	9
11	24	17	9
10	44	46	3
35	74	85	5
45	88	27	2
49	15	-5	2
37	32	16	5
9	58	58	7
88	34	77	7
52	73	5	4
27	64	54	2
60	83	27	8
56	1	81	9
34	36	-1	10
49	32	-1	5
5	92	68	9
3	0	39	3
55	27	77	9
94	50	80	3
4	21	42	2
24	52	0	4
74	65	8	9
31	85	87	6
50	1	78	10
77	19	10	7
13	19	-2	7
40	36	36	10
45	91	34	5
47	94	50	9
90	92	86	8
46	75	-5	9
85	48	71	6
8	84	-5	4
21	11	0	4
31	19	-6	7
83	53	43	10
99	9	28	8
5	37	6	10
14	75	63	1
25	23	33	2
14	39	60	4
78	92	72	9
9	90	4	2
89	32	-10	10
92	59	21	8
17	24	70	6
62	52	41	9
66	71	74	8
33	87	6	4
59	65	4	1
56	30	-2	8
21	2	15	4
23	15	83	10
21	98	27	10
22	34	19	6
87	90	-10	3
80	18	33	6
3	64	5	6
58	29	3	6
21	60	31	7
18	27	73	3
77	41	81	4
54	61	25	3
93	42	-10	5
34	5	53	7
72	17	-3	1
23	38	56	2
33	47	74	7
87	10	-6	4
26	48	8	8
72	3	52	1
17	59	8	7
95	94	36	4
76	88	89	8
15	8	77	9
96	81	46	2
28	80	12	3
30	17	48	6
10	94	-2	7
15	90	13	1
16	54	3	6
23	99	39	2
43	54	75	6
49	50	46	2
21	41	3	10
27	15	72	6
68	94	-5	4
88	1	52	7
33	98	18	8
31	11	-3	5
18	74	1	6
21	86	71	1
17	96	81	3
70	2	69	10
77	75	-3	8
62	36	69	8
44	28	59	6
44	87	85	2
19	29	61	1
12	4	33	8
82	22	44	1
24	27	-10	8
22	60	26	2
55	47	21	2
19	96	12	10
83	39	35	4
88	6	25	9
43	86	4	9
50	51	6	4
70	46	43	2
57	75	-3	2
87	54	69	10
85	56	6	2
21	50	75	5
14	85	44	8
51	1	56	6
98	88	2	4
64	81	62	6
9	34	56	8
88	72	45	6
15	4	-7	7
23	0	7	10
5	33	46	7
0	41	-3	5
92	38	79	7
80	38	18	4
97	65	-5	3
89	1	-2	2
31	41	37	4
30	12	4	7
16	25	-2	1
5	71	-3	4
32	88	50	4
42	0	84	4
92	58	11	10
50	62	61	8
75	69	84	3
50	40	47	10
15	58	-7	5
78	88	4	6
80	19	57	2
96	22	58	10
51	11	41	4
88	75	35	10
94	31	-4	4
83	64	44	4
16	96	2	10
64	4	66	1
83	0	0	5
55	3	55	10
2	3	54	10
39	1	76	7
14	23	8	6
67	77	78	3
65	94	56	7
69	3	76	6
57	29	52	10
65	84	68	10
26	95	26	1
66	69	42	5
39	6	59	4
55	61	15	5
70	92	54	9
94	92	58	1
25	62	27	6
18	59	51	7
37	78	23	4
70	72	79	3
33	70	66	7
25	72	22	1
72	56	12	8
11	65	79	9
85	40	43	5
73	54	23	4
81	97	-1	10
84	37	34	1
80	49	79	7
7	91	5	4
52	2	5	10
96	61	65	10
83	13	11	2
50	80	83	2
35	43	58	8
67	21	70	1
7	3	47	8
85	35	32	1
52	14	16	6
62	78	14	4
44	7	-2	5
93	84	56	5
7	83	8	1
56	41	3	3
60	76	86	3
37	54	67	5
67	52	10	1
67	91	41	6
98	9	83	4
70	27	88	5
77	8	62	4
96	67	58	3
30	29	29	8
98	56	69	6
61	94	36	4
79	47	20	7
84	91	37	5
35	18	-5	5
32	66	-9	9
35	11	31	5
52	48	67	2
36	15	32	9
5	64	1	10
39	40	10	5
19	10	81	6
30	1	80	1
71	15	14	1
57	36	29	2
15	45	34	10
41	61	54	9
2	51	18	5
6	34	-5	1
84	86	71	9
33	68	-10	4
84	52	65	3
20	60	42	8
3	53	59	7
79	24	84	10
76	99	48	1
79	56	13	2
54	44	15	7
32	96	16	10
81	23	87	1
14	44	54	1
8	66	66	1
5	31	29	4
87	15	42	1
27	79	89	3
25	91	1	5
69	94	27	2
68	72	87	6
23	54	12	8
70	62	88	9
88	13	31	10
66	6	75	4
80	87	8	4
72	71	61	8
20	14	-7	10
91	87	75	8
66	60	16	1
14	59	5	9
92	1	86	5
31	90	33	6
96	12	4	6
22	12	35	8
51	32	28	4
23	57	74	4
53	14	74	8
87	25	17	5
11	23	32	10
35	17	80	7
8	85	71	9
41	26	49	3
25	32	79	9
61	20	35	1
39	25	46	6
26	58	22	2
7	15	47	1
54	59	28	6
15	6	29	4
60	53	67	10
60	62	-8	2
32	74	-7	8
69	80	41	6
30	31	-10	2
51	99	89	9
89	23	55	10
39	69	31	4
24	41	46	9
42	88	-2	10
12	33	38	10
22	38	76	10
53	44	24	9
27	74	40	9
75	40	28	7
5	0	42	2
6	67	67	10
29	22	69	5
87	61	43	4
49	23	55	4
24	50	10	6
66	73	65	7
92	45	61	5
57	77	1	5
64	50	-2	1
65	76	41	2
88	46	23	6
13	16	29	8
13	59	42	6
54	71	74	10
65	96	26	3
73	48	-5	1
42	27	76	8
7	46	13	4
39	50	43	1
13	52	53	2
10	36	37	7
91	63	38	1
31	74	30	8
1	17	32	7
9	3	17	4
20	89	64	3
22	1	2	10
22	7	29	6
74	92	21	4
